fecha,price_akash,market_akash,vol_akash
2020-10-16,0.4020129704686936,0.0,1498615.9110537868
2020-10-17,0.4020129704686936,0.0,1498615.9110537868
2020-10-18,0.4472221643081897,0.0,660810.997760138
2020-10-19,0.5132367676427917,3037564.3669883427,769329.5970141214
2020-10-20,0.409010786511229,2430235.0703865457,597323.4427288639
2020-10-21,0.4200231520784623,2483068.8941630474,364761.5460058032
2020-10-22,0.3718521062810942,2204678.099793395,372734.13947719295
2020-10-23,0.36807780483734787,2176174.0492184446,179621.96876062575
2020-10-24,0.3534325417876213,2090316.283694367,423413.59879173746
2020-10-25,0.400852216144923,2372510.0541254273,390213.5983284368
2020-10-26,0.3948437293403965,2370519.822771047,432143.0370762664
2020-10-27,0.372698513402746,2211422.377227247,339125.08591839985
2020-10-28,0.38700357446282063,2291921.344226661,405399.40237133636
2020-10-29,0.3895939620771532,2322786.8538905927,351625.69290896214
2020-10-30,0.39344676990700195,2325847.182365517,417147.2164326599
2020-10-31,0.3760719781470797,2226615.133938906,366163.98581081675
2020-11-01,0.39265223781381947,2347673.1725931107,421116.38383741886
2020-11-02,0.39294758359195625,2325415.22999102,351108.0966814191
2020-11-03,0.39811335543337745,2353757.014163301,380111.465727391
2020-11-04,0.4263142054011012,8845549.026421776,452349.2139249465
2020-11-05,0.47614416318930625,9926913.534457149,480445.6495595584
2020-11-06,0.44240625849661414,9310633.698951341,390424.40793577896
2020-11-07,0.41425142198640186,8758644.584025543,402251.38679429976
2020-11-08,0.41505929881644915,8780645.38505418,403035.8610483343
2020-11-10,0.39557780068648213,8599454.185543623,314130.7049919396
2020-11-11,0.39557780068648213,8599454.185543623,314130.7049919396
2020-11-12,0.4205622119452525,9160750.40765797,359012.0911026409
2020-11-13,0.47247370292799096,10411752.946691588,511617.2042681692
2020-11-14,0.4464444621724811,9885586.992829077,434428.85591757094
2020-11-15,0.4268995628287271,9512901.071544595,346761.1230953928
2020-11-16,0.4635977804715855,10410011.701976426,339485.23707485455
2020-11-17,0.45543123513934547,10282885.892439159,358300.50475870696
2020-11-18,0.47144615230255715,10705496.323610818,394402.42209327326
2020-11-19,0.4589175584380369,10477897.763120804,259150.74524995944
2020-11-20,0.45669987738481793,10510139.873327462,403613.9970373615
2020-11-21,0.5696570363632355,13193085.260837035,603850.1303139024
2020-11-22,0.5586538984651362,12988716.05450097,428627.2035973758
2020-11-23,0.5548076301123311,13009074.557375278,410063.8674923251
2020-11-24,0.5647799160493289,13317036.949187214,600466.0998248217
2020-11-25,0.5747779635658555,13641632.907841919,1474315.8225497636
2020-11-26,0.5443546359645649,12923024.346458917,1389388.9986505168
2020-11-27,0.5233845975394655,12583568.498154007,1081459.126203847
2020-11-28,0.5402886135484202,13039430.96734684,1078131.8808319203
2020-11-29,0.5993340056623635,14580598.679801015,1153587.3060868152
2020-11-30,0.6001811325206192,14702061.282841522,965774.2672219641
2020-12-01,0.6497073251358657,15986288.992472429,1315793.7719384066
2020-12-02,0.7164839269757647,17723400.10620068,1497760.9284358018
2020-12-03,0.8245981881973308,20777593.120060865,1701579.800898085
2020-12-04,0.7015801479659798,17563666.3609896,668608.6873321705
2020-12-05,0.6623817091797913,16625025.756983357,576457.5538649887
2020-12-06,0.7562653996663655,19149202.543954294,677713.6251338195
2020-12-07,0.7510680461872759,19105783.34367611,1271604.7684139216
2020-12-08,0.7432467763955702,19053027.818519533,1219636.7437005222
2020-12-09,0.7167429316044465,18463878.817885723,1534270.7219836153
2020-12-10,0.6826345329528958,17662809.30954701,1551590.9956003528
2020-12-11,0.6820590334413589,17755511.654169038,997480.6222431456
2020-12-12,0.6487149215534375,16999706.72945669,731883.3179475317
2020-12-13,0.65918843946236,17298758.425163906,1200709.0801844303
2020-12-14,0.7274849960821641,19323853.325760126,1450747.5871684835
2020-12-15,0.7997111010163264,21279836.79528478,1790569.1132423086
2020-12-16,0.7813641429495443,20947389.143970344,2164087.2668331154
2020-12-17,0.8482594036169194,22826714.1871861,1587709.1013544386
2020-12-18,0.9484243512465519,25768069.36474202,1116757.0747045113
2020-12-19,0.8731081545748212,23801070.85172606,987416.0921319142
2020-12-20,0.8535936978778221,23464070.667927932,1067649.351155053
2020-12-21,0.8907024422653381,24465265.399495047,1015848.0222937212
2020-12-22,0.9386651897083853,25919862.07697934,1185942.703065535
2020-12-23,0.8929715602512471,25086357.057380904,1080183.636963326
2020-12-24,0.8352309304054362,23489884.68557908,955191.042814621
2020-12-25,0.7857823723663416,22152411.456718076,981700.8694177552
2020-12-26,0.8180907883853508,23126252.95900765,839826.2655508361
2020-12-27,0.7871399558403319,22446936.28704969,918591.0090713724
2020-12-28,0.7873164333929651,22509014.60296011,1011978.9200969117
2020-12-29,0.8028451620495565,23074586.05693156,679533.0730201704
2020-12-30,0.7801325490548532,22582525.396974042,888406.3277072675
2020-12-31,0.7722140831912251,22415829.90219894,696643.7390282371
2021-01-01,0.786235503127281,22956076.776282843,574683.4380580181
2021-01-02,0.8083823118819755,23693550.909599364,867180.3274162911
2021-01-03,0.8408347886595049,24817702.300641153,1216542.9580558862
2021-01-04,0.8315717408589477,24869715.242147483,888757.3752429471
2021-01-05,0.7791684171066826,23509550.664253328,1002443.9677757203
2021-01-06,0.8463351144243161,25287801.567994274,1132263.2260952864
2021-01-07,0.8522565541080669,25677846.875101198,1111225.814587239
2021-01-08,0.856546588064603,25987944.023295097,1018819.0666368303
2021-01-09,0.8388128210958193,25506548.294660125,661183.2934332739
2021-01-10,0.7954588965379623,24309337.586431533,608338.0431772243
2021-01-11,0.798837915943605,24544975.860187005,685962.0513662846
2021-01-12,0.7665778037273575,23833818.60884401,849479.8725730454
2021-01-13,0.7375159589992307,22875122.744626034,941118.9914118793
2021-01-14,0.7449596297443245,23156281.725899115,917246.7746621552
2021-01-15,0.9539127165882278,29907891.34961649,2426925.686423709
2021-01-16,1.008918476234631,31721916.1615515,1286900.4993658657
2021-01-17,0.9845522125477068,31065402.18805692,740947.1057274329
2021-01-18,1.027944484783616,32617954.00793217,877640.9781446992
2021-01-19,1.2517574297141632,39891444.2466674,1991152.2184877384
2021-01-20,1.5867199674405739,52350386.411169685,2942784.7040108196
2021-01-21,1.6892033949877425,54557997.82287983,2098639.3799106386
2021-01-22,1.7099627017604728,55146542.027619325,2588760.5717741516
2021-01-23,1.786074793129538,57795254.616769254,1453539.4301089128
2021-01-24,1.716837108467655,56019628.496144146,1473221.5950339644
2021-01-25,1.8083380225265762,59301338.64651703,1236209.815106056
2021-01-26,1.6673591175931364,55195422.435876,1350183.589082539
2021-01-27,1.662945988903071,54976423.473430544,1090521.4909574634
2021-01-28,1.4514588872586505,48251523.26170208,1146001.240460503
2021-01-29,1.6196303570799504,54105025.02043673,1641635.0817677404
2021-01-30,1.6285522798818615,54866322.39930853,896269.6467494076
2021-01-31,1.6279352983101765,54846564.40781596,880730.6571830421
2021-02-01,1.6483969322014351,56038384.65979983,551284.3890250322
2021-02-02,1.6028750855178764,54664870.879120305,743771.675679907
2021-02-03,1.7127482553293254,58857488.70071573,1072165.9119131109
2021-02-04,1.717229109691644,59102048.462772705,1492256.9693720907
2021-02-05,1.729138685173223,59633614.748956054,990882.5571364795
2021-02-06,2.456692378215639,84585999.32186718,4606883.656972391
2021-02-07,2.301586225077941,80218037.54810439,2401828.9152517994
2021-02-08,2.343478000469644,82117779.99826588,2154015.369265386
2021-02-09,2.4742231938822976,86048840.06325068,3345093.485287607
2021-02-10,3.4223983664094493,120917952.44492634,5574332.9775643395
2021-02-11,3.385728671105492,119673979.85307494,5111347.141839894
2021-02-12,3.269422307324238,116202711.6617255,3193423.915514303
2021-02-13,3.299224442894399,118344639.26433189,2690366.2466808935
2021-02-14,3.470571318412387,124983844.66259773,1916889.3239743288
2021-02-15,3.403211458893758,122890777.1230516,1156033.0992732688
2021-02-16,3.4642407555676744,125509881.114575,3300428.3019457157
2021-02-17,3.462258888983872,127041366.98620851,1648440.8699020527
2021-02-18,3.271322309806039,119208020.49319138,3784765.185464553
2021-02-19,3.2941905772230973,121306004.90452974,1694771.725713131
2021-02-20,3.822257828947693,140727191.20004308,3770425.2561167073
2021-02-21,3.919711901769019,143810502.72972417,4345349.97373723
2021-02-22,4.8648260466633015,181738861.74213755,4441276.201609648
2021-02-23,4.627993710100141,174156844.16681936,3608447.2697429624
2021-02-24,4.605467809808737,172535859.393614,4392910.239227198
2021-02-25,5.479110727525379,206391502.23418692,4805937.450279938
2021-02-26,6.309636729787639,239856692.62527058,6287737.344553443
2021-02-27,6.003357078094195,232334018.9042266,4176153.8995305058
2021-02-28,6.162968208450821,233021430.1696849,346012.9049246018
2021-03-01,5.987642850181539,229094927.37891176,2711006.7262894367
2021-03-02,5.803998522240143,223565741.479648,3103980.1416192017
2021-03-03,5.276927030027728,203775743.12659287,4727796.605285673
2021-03-04,6.136275378181709,236483473.78542438,3650520.5726691857
2021-03-05,5.851072334582158,225571765.2175962,2333367.963304878
2021-03-06,5.689664720749728,218513643.5981866,1989228.1516450057
2021-03-07,5.433917995739893,209787651.5549408,2188556.1705324994
2021-03-08,5.526198207612869,213245097.0628592,1847689.1183950284
2021-03-09,6.053294229795825,234507813.06501558,3341717.3439141065
2021-03-10,5.853503937154721,225131805.1214398,4093964.01228053
2021-03-11,5.541283113607037,213813177.89129037,2266174.344768694
2021-03-12,5.739138184085998,222737375.64363053,2587370.3251614617
2021-03-13,5.2062654932147465,201506228.56444752,3689603.7478434085
2021-03-14,5.223385430250178,201244632.11762035,1811401.0471317617
2021-03-15,5.415906806769098,206398148.73541236,1619333.2075068008
2021-03-16,5.095292912141265,209078685.30777186,1793231.0895211687
2021-03-17,5.0422066307301465,206779130.09473023,1895080.209176485
2021-03-18,5.218191456684681,213839796.47292897,1843461.6742979446
2021-03-19,5.139087379827348,211757619.56718686,2639042.416328143
2021-03-20,5.135083638742582,212649049.69857037,2558769.827841176
2021-03-21,5.372201678667442,223262879.409718,1369491.762254973
2021-03-22,5.274370829185268,220665206.39904308,1087784.573550207
2021-03-23,5.196969419977183,217549458.98870647,1593217.0687115258
2021-03-24,5.050018529361361,211768257.1137953,1219050.5035592187
2021-03-25,4.901597174274392,206923196.89211115,1240510.8628045851
2021-03-26,4.978287204809413,213392392.02732116,1517386.526375538
2021-03-27,5.161806266954074,219590207.05999452,2145880.5306071066
2021-03-28,5.282428455370092,225798295.95859775,1769769.0463011898
2021-03-29,5.024349499026154,215082060.9815501,1380756.852026219
2021-03-30,5.254370107570511,225984770.08175707,2222633.4863245366
2021-03-31,5.085817317111569,219598321.20178932,3013486.965493447
2021-04-01,5.282592494219133,230991078.81436506,3365952.5176252224
2021-04-02,5.249427298658258,229032792.3055978,3344845.6111136316
2021-04-03,5.240342567535067,228317361.25057846,3074295.1333547565
2021-04-04,5.1699102501827605,225981194.57482073,3226113.359385153
2021-04-05,5.117856551474189,225392114.1293116,3235621.418708428
2021-04-06,6.57710420140626,288762215.0164717,6739079.955413626
2021-04-07,7.169258663133982,317123732.76633906,8638606.884131014
2021-04-08,7.316591747578928,329957175.7017221,4291796.514692228
2021-04-09,6.520056757759158,292444708.66489625,3386373.2890769425
2021-04-10,6.4458967686185735,289741672.58614504,2721971.8256575973
2021-04-11,6.598588673986516,297364562.2835142,1906774.1246060466
2021-04-12,7.146894972054298,322840157.99504256,2192221.330228367
2021-04-13,7.205332036320826,326671662.34364355,2099193.7211068952
2021-04-14,6.991303627913411,318779649.7474233,2064855.2068639016
2021-04-15,7.186193326886178,328834043.6911772,2908197.124702949
2021-04-16,7.226588965809176,331851940.0556905,2091012.547671749
2021-04-17,6.833149524240391,315886867.6658869,2041097.7859645619
2021-04-18,6.525079742603185,302318685.07005316,1553904.879489145
2021-04-19,6.212190150448967,288082692.4641342,2068254.2583326579
2021-04-20,6.762983813181145,314466935.825466,3026847.6064609345
2021-04-21,6.430283593628441,302037591.68132126,2688960.5912189926
2021-04-22,6.4572115501671155,303501464.5255112,3088139.387640796
2021-04-23,6.61264766139544,311540777.56284595,2156988.767908724
2021-04-24,6.273428434056292,296546374.9906607,2694250.201058464
2021-04-25,5.856820817544907,278116536.7547193,1451992.9963147955
2021-04-26,5.3944308526516735,295595155.9533756,2960136.876516977
2021-04-27,5.912392512158466,317248672.63111144,2257816.0240753116
2021-04-28,6.084663620187933,317248672.63111144,2864671.3278236506
2021-04-29,5.614005403125417,317248672.63111144,2112693.9371288265
2021-04-30,5.367911318155033,317248672.63111144,1965145.9691566485
2021-05-01,5.781992912871879,317248672.63111144,2168244.1638708757
2021-05-02,5.569733343757646,317248672.63111144,1348161.4197754457
2021-05-03,5.3245877722577735,317248672.63111144,1076039.6899299573
2021-05-04,5.58690493219924,317248672.63111144,1312392.1292525777
2021-05-05,5.422654815251674,317248672.63111144,1395681.115368279
2021-05-06,5.336639862162928,317248672.63111144,1251881.128884021
2021-05-07,5.761746929946844,317248672.63111144,1763261.1824552126
2021-05-08,5.310455033693297,317248672.63111144,1325086.535504561
2021-05-09,5.232390701840244,317248672.63111144,1619432.232336235
2021-05-10,5.156940170021476,317248672.63111144,1740083.0126687195
2021-05-11,4.974055081960902,317248672.63111144,1667410.1490999404
2021-05-12,5.005953581629331,317248672.63111144,553522.5951628041
2021-05-13,4.697466603006305,317248672.63111144,1344073.395205052
2021-05-14,4.654364529560431,317248672.63111144,1457106.7164396476
2021-05-15,4.597244811594707,317248672.63111144,1674108.2502134459
2021-05-16,4.799525224066621,317248672.63111144,1753680.358569981
2021-05-17,4.630529881884692,317248672.63111144,1003695.5067046431
2021-05-18,4.577672543030671,317248672.63111144,1309603.0146925068
2021-05-19,4.582192572708681,317248672.63111144,1867790.1286643115
2021-05-20,3.8185778870207305,317248672.63111144,3609472.5352080665
2021-05-21,3.945558375833675,317248672.63111144,1907460.052999017
2021-05-22,3.6128212506305752,317248672.63111144,1494096.828924941
2021-05-23,3.5520807298677504,317248672.63111144,1773792.3204116954
2021-05-24,2.9787005053277427,317248672.63111144,2060513.3365003315
2021-05-25,3.2893116954682227,317248672.63111144,2316862.5947818263
2021-05-26,3.31983810115188,199736872.29476824,1580327.177988567
2021-05-27,3.4133560090107786,205861743.76751247,1754443.4685191535
2021-05-28,3.628675922798374,221006030.93622223,1596965.7899287755
2021-05-29,3.526415184992641,214092243.73235208,2049987.2477903066
2021-05-30,3.433167023186127,209636409.21448112,1572905.4340252143
2021-05-31,3.394368893345411,206070124.18145612,1358305.9600717095
2021-06-01,3.3120173808953104,202901795.66209838,1472279.6704531375
2021-06-02,3.0852707791594733,189389794.76918516,1378419.2314844844
2021-06-03,3.248870229421557,198919220.6909871,1287214.5955904531
2021-06-04,3.349492915787805,206808332.03106093,2303941.9735346357
2021-06-05,3.3499739549130076,198054735.18107718,1417811.2236461984
2021-06-06,3.0021587690737426,198054735.18107718,1671571.9960062683
2021-06-07,3.0519657439318375,198054735.18107718,1127745.7674430006
2021-06-08,3.1339366418899015,198054735.18107718,1354789.9111699108
2021-06-09,2.7698244247492383,198054735.18107718,1888700.2168087552
2021-06-10,3.2848291932563627,198054735.18107718,1999500.4060731523
2021-06-11,3.2932529396122856,198054735.18107718,1617267.017722761
2021-06-12,3.2976906098556706,198054735.18107718,1132862.3320101309
2021-06-13,2.9608639128127074,198054735.18107718,1853845.2857979613
2021-06-14,3.1051741592676385,198054735.18107718,1314911.112606399
2021-06-15,3.100867544336071,198054735.18107718,1614837.5072143322
2021-06-16,3.087288625595445,198054735.18107718,1241388.3669052732
2021-06-17,3.072443299834459,198054735.18107718,1136111.1762767176
2021-06-18,3.1328530605225655,198054735.18107718,1267944.7991387742
2021-06-19,3.023873357376385,198054735.18107718,1115427.4078676463
2021-06-20,3.0398484259553396,198054735.18107718,1368014.4519768108
2021-06-21,3.0834236658435983,198054735.18107718,1527711.2273685765
2021-06-22,2.7047189948067105,198054735.18107718,1813590.201295873
2021-06-23,2.754363136961019,198054735.18107718,1733560.4868434225
2021-06-24,2.97734436365923,193944038.05956027,1746330.4106250226
2021-06-25,3.8481598715010468,252110450.15000644,282972.56153288815
2021-06-26,4.013705390323531,265233338.02823064,2753852.710024458
2021-06-27,3.736775208444619,245999614.59366718,1927819.0948736705
2021-06-28,3.6330785026373826,245885517.7140809,1880099.0415372115
2021-06-29,3.8572744343403973,256324654.8814589,2646702.8171504857
2021-06-30,3.9644555367640333,262049959.91508648,3241200.625727756
2021-07-01,3.6620357595972526,242298005.13840804,3149678.196182165
2021-07-02,3.460020271362202,229334690.32742444,2582308.48534193
2021-07-03,3.503444121109961,232735738.84248373,2237543.752653079
2021-07-04,3.494600703098385,232479034.82858726,2214914.5463174074
2021-07-05,3.559754100267082,236794448.9784363,2193872.9174241037
2021-07-06,3.742813677871509,249271331.4243664,2740584.995327371
2021-07-07,3.483288441770014,232075290.34029627,1808718.1865455022
2021-07-08,3.405078042981684,226840143.13585535,1369529.516985854
2021-07-09,3.0934724085827625,206510765.558238,2034155.2582257655
2021-07-10,3.1995355325709296,212631270.34803578,2074193.5728412156
2021-07-11,3.245160736943013,221865500.8906022,1839669.2467220125
2021-07-12,3.179765270324194,217970433.85240558,1307754.1944105357
2021-07-13,2.9358832296974615,201272951.72908512,1858620.0180933662
2021-07-14,2.7847487616373736,192094298.96432143,1885568.815763387
2021-07-15,2.7563077647519156,190321617.7695557,2014971.1473206144
2021-07-16,2.511724914988128,173980707.75408512,1929482.5344834835
2021-07-17,2.534151522295969,176077692.4569758,1858221.3471093874
2021-07-18,2.4884719052961057,173495648.08235654,998371.0866410097
2021-07-19,2.566195596480548,178435673.11305085,928572.7872354151
2021-07-20,2.3537105867811965,164710139.3371909,962750.5810900417
2021-07-21,2.0628478383580986,144958231.11137694,1634932.458576371
2021-07-22,2.289411059576105,159790808.17742902,1867379.3476049502
2021-07-23,2.325125034448675,163740236.19329128,1416098.936491433
2021-07-24,2.4352434909465313,171747903.860407,1602894.6041970768
2021-07-25,2.6162324892510713,184577310.03874946,2366830.2635756033
2021-07-26,2.730234272642302,193336984.14028755,1505636.1016502061
2021-07-27,2.717318714927286,193075395.47771335,1595684.8917741054
2021-07-28,2.6606239810115686,188654969.1131496,1306281.4747385525
2021-07-29,2.590339407705722,184591068.46050352,1352006.800483332
2021-07-30,2.6046467978454513,186336790.24234852,1173098.9592340153
2021-07-31,2.6317502186484822,187835084.23641866,1073165.3553943837
2021-08-01,2.5598347328079876,183747873.27521572,1281803.157383988
2021-08-02,2.5126439672527625,180427791.29418406,1285173.1679725922
2021-08-03,2.5197430550154833,181690650.9126925,1352325.980664064
2021-08-04,2.4378946861837063,176350703.7910731,1282173.9136273924
2021-08-05,2.5381748582731114,183893156.81936666,1358944.8665169412
2021-08-06,2.5198610496416687,182841910.8422617,1197405.4664818174
2021-08-07,2.6137459832432826,190118050.15592372,1586293.7137110939
2021-08-08,2.624973519818218,192108191.35089007,1459340.87118075
2021-08-09,2.4584438699416675,179472678.48624596,1373725.4945398285
2021-08-10,2.4891679249074397,179870134.01385623,1481311.8474243875
2021-08-11,2.5059698597763704,182876258.76981556,1486971.0833705692
2021-08-12,2.590478827386709,189005662.39447087,2608247.0984994345
2021-08-13,2.5198616182036333,184787871.96601042,1723709.031211748
2021-08-14,2.6062062952097897,190502254.98438856,1757086.4569685298
2021-08-15,2.686940332585637,196376944.03794745,2032269.8395806425
2021-08-16,2.753138312211642,199674419.46092987,1520583.985492379
2021-08-17,2.735585796023372,203005495.15291014,1956845.0057549276
2021-08-18,2.7689469455189704,202461751.78225535,3012369.464201076
2021-08-19,2.908112447034674,211573819.72972265,3157374.627047767
2021-08-20,3.0345234769040315,221571387.56668267,3124741.280315837
2021-08-21,3.145370005521851,229173419.94710064,2461456.0155347376
2021-08-22,3.4692594223619504,262186964.05148637,3476171.8935839306
2021-08-23,3.2536409563968767,244923401.2392182,1983524.4245560458
2021-08-24,3.3628680816775085,253230649.37949094,1953680.3146957413
2021-08-25,3.156296814402898,237311181.94336823,2573340.058707149
2021-08-26,3.1516695076177172,238312691.32500672,2243617.671752187
2021-08-27,2.96938890034453,225474076.10939872,2818239.1952086855
2021-08-28,3.279682179388476,248906784.90906376,2795748.487576483
2021-08-29,3.2161833510247537,242461324.2750513,2922795.1686760862
2021-08-30,3.3460302537416027,253274794.09520137,2322319.8378465413
2021-08-31,3.3613411749457494,256871039.315015,3235919.2561829067
2021-09-01,3.377277703629019,258475535.86085775,3625437.7775914064
2021-09-02,3.7856088082940227,290120294.6456633,706132.9361994335
2021-09-03,3.638238441919141,278902655.64708483,3975191.9466661075
2021-09-04,3.6785205917499857,282305236.4454829,3465112.135249778
2021-09-05,3.7791926336712844,290724023.2829335,2452756.1782970973
2021-09-06,3.9541530474816833,304770920.62150544,2279607.6904997225
2021-09-07,3.933187212310516,305282111.37783694,2899593.411075039
2021-09-08,3.5506840975237983,276488227.0100991,5854722.5615056865
2021-09-09,3.5135563047776466,274526290.0988665,2585101.5503506805
2021-09-10,4.459411697450625,347429690.6303497,6077969.501022071
2021-09-11,4.940408693022103,384913035.0011152,7582577.722694557
2021-09-12,4.541292032626041,354409035.93582577,4039947.4647013834
2021-09-13,5.696594801984821,441147768.12900716,7781385.752011561
2021-09-14,5.5118861151423175,432138986.54368037,8985241.447758814
2021-09-15,5.370762529006669,421119293.1326564,5840373.485290015
2021-09-16,5.303369848621647,417222623.3446689,2140757.0690860325
2021-09-17,5.4965231422415215,431993958.1001931,4271467.608534812
2021-09-18,4.957550475444559,392342334.5045787,4334314.693836933
2021-09-19,5.6436032537754555,443069602.1135436,3748013.4772115042
2021-09-20,5.761130611035814,450557611.90770596,4511329.25640054
2021-09-21,4.395193393457603,349669408.2132261,5467710.278192911
2021-09-22,3.7886679882561616,298704635.09273,5485298.385937044
2021-09-23,4.752630865906439,375820532.98171663,3948122.4857828477
2021-09-24,5.020961832197344,400826669.7127642,4194613.257492042
2021-09-25,4.90904754401428,391608828.70006585,4252672.552935322
2021-09-26,4.201761438468335,337030755.0013889,6849632.902047057
2021-09-27,4.0297844235452605,322605907.7806813,4252344.642250736
2021-09-28,3.846352764634359,422489243.8374994,4246310.216438438
2021-09-29,3.3647657653080723,371135670.6742876,6502139.531694815
2021-09-30,3.244263906742569,357154274.046835,3024391.8265347984
2021-10-01,3.468585849440848,382469719.1985543,3273827.3042939445
2021-10-02,3.576113741338869,393029385.4022253,3625294.943800211
2021-10-03,3.6561737489802257,405938480.00191927,2454412.65857388
2021-10-04,3.620762365159571,400915264.972949,1678061.7021156708
2021-10-05,3.2217743075728915,357073569.0933496,5124336.527145198
2021-10-06,3.1784260229233174,352282989.5213152,2732031.5410191813
2021-10-07,3.310619810012579,367981291.38757384,9364764.82925429
2021-10-08,3.5755824521623265,397663536.5910422,6478051.35467782
2021-10-09,3.661576926879137,407927001.4288486,6557003.400688716
2021-10-10,3.2863588688337133,365331193.5654622,6794418.371635084
2021-10-11,3.0313815709478686,339006246.81666285,2442136.9388360553
2021-10-12,2.9250047374197847,325197017.99139744,3239290.8477957114
2021-10-13,2.9721408624960755,333096765.65134984,3071723.5518677654
2021-10-14,3.014302344244749,338051564.4397214,2005830.324042306
2021-10-15,2.9140564432527367,327332663.16646147,2515082.409856511
2021-10-16,2.817088406817829,316967539.16119814,1933165.8086296504
2021-10-17,2.781976112271147,313664535.4894349,1619639.7834545544
2021-10-18,2.6945505742028817,303909860.3232575,1827631.6304157844
2021-10-19,2.6302522456782893,295883263.2028295,1205889.4385583308
2021-10-20,2.859961279594731,323984096.98079747,2553357.0960859205
2021-10-21,2.8408546239909818,322929509.7137114,2145815.181936286
2021-10-22,2.740096262799691,310501038.92755467,1881833.7526797021
2021-10-23,2.6529429568462466,301322804.1156631,2811307.2005302752
2021-10-24,2.7298213967335125,310247627.3649306,1902584.135913057
2021-10-25,2.624946958733202,298837665.3881437,1733795.8549534886
2021-10-26,2.5525247209943847,290912514.920878,4847216.09689491
2021-10-27,2.703035551948551,307255072.11317134,8424880.989235612
2021-10-28,2.480219421133548,283249388.56989914,2893606.0156643526
2021-10-29,2.6062822614864443,298348579.19182605,3348356.5492574214
2021-10-30,2.726376714579194,310107107.08228266,3355251.927437108
2021-10-31,2.557839401570112,293326924.2309549,1309431.5279658623
2021-11-01,2.610377218264912,300140351.82612807,1781619.3437380649
2021-11-02,2.601504463825363,298490242.5056646,1966972.5415367305
2021-11-03,2.8495688585294254,326932281.2876444,5818362.161881032
2021-11-04,3.0124775324636874,347583410.9560674,5346892.725737009
2021-11-05,2.863382412621919,330934616.7548573,3704043.0786821246
2021-11-06,2.801166257076738,323608842.1707515,3272252.180952578
2021-11-07,2.7499981531446007,318329626.1204805,2415952.2280149404
2021-11-08,2.8620625013615926,330860756.73945075,3250527.7737156753
2021-11-09,2.964416193531396,344934163.19665676,3340113.813297934
2021-11-10,2.811800337209401,326803867.63385785,3484254.4086167607
2021-11-11,2.501788183828677,291051747.4546193,2599952.93658112
2021-11-12,2.6216155117751647,305537870.5729688,1934333.9993530489
2021-11-13,2.52552086971131,293939849.98043823,2989091.3835241445
2021-11-14,2.5152626178596815,293842441.52595663,1804338.3586156273
2021-11-15,2.5022380724041864,290738572.50779146,2430672.404844822
2021-11-16,2.3856014914248407,279282877.6385696,4025230.7919174526
2021-11-17,2.208171091081206,259910665.29162383,2705578.4538297732
2021-11-18,2.3207783382565337,272248417.4363503,2128844.4056093493
2021-11-19,2.1489018424082658,252367688.95443124,2326967.021392457
2021-11-20,2.2853356943635603,268683008.0295527,2339949.438991188
2021-11-21,2.3615414857015113,277439214.82237244,1769450.0006326884
2021-11-22,2.52154005746677,295298074.9426876,2235460.185148639
2021-11-23,2.5028353525229177,295331909.80367285,3301093.872143017
2021-11-24,2.5450391680551445,301829260.9964346,3048403.869591088
2021-11-25,2.356197491768044,279229716.39237505,2606490.814956385
2021-11-26,2.3184768392928246,275101169.93900174,2513312.9883566773
2021-11-27,2.1076611130240015,249362450.22206473,3240048.7697636713
2021-11-28,2.2197454919066097,263460604.2324937,3251730.4655437814
2021-11-29,2.223796034033438,265602126.43883288,1828204.1209140113
2021-11-30,2.214958476970205,263996911.88733047,2393611.147325585
2021-12-01,2.1205256410213638,254062031.32800588,2597350.7410221747
2021-12-02,2.1090370404837313,252796000.65414828,3458558.9706625016
2021-12-03,2.1277666716074832,254291514.11550653,2379521.767942647
2021-12-04,2.302446600355192,273263781.44369256,4027323.172431478
2021-12-05,2.024747444945398,243063217.91888484,3955997.4599545244
2021-12-06,1.785267620219818,214274112.2064454,2593530.7140057357
2021-12-07,1.76695818038487,211997423.51045263,2835496.8446777537
2021-12-08,1.779363820274382,214010053.46164325,1770089.9963379386
2021-12-09,1.8684365373088232,224167936.32621175,1996179.6998704793
2021-12-10,1.6808697305019444,203394279.8310725,1477412.6583252328
2021-12-11,1.6123336532927055,195555458.39003566,2197096.390275717
2021-12-12,1.6453366656156911,198463009.22525007,2488668.7748396304
2021-12-13,1.686546792004663,204009491.9417996,1216749.0968138487
2021-12-14,1.5121761598157264,183259320.40929332,1446933.107744748
2021-12-15,1.5054303211449231,181971863.7892665,911160.0443081463
2021-12-16,1.5185725781133554,184199348.3635033,1125289.325463086
2021-12-17,1.4773211617030522,179397697.08753648,1211629.1587703382
2021-12-18,1.4264214525396708,173859224.5018371,1869728.510549155
2021-12-19,1.532641240754076,186660071.04964852,733627.5669556019
2021-12-20,1.4864781051209837,180318594.09879202,969216.948516517
2021-12-21,1.4500708877281958,177104034.92174482,1182496.4183904259
2021-12-22,1.5172362177787713,185800913.20661366,2006362.1381905288
2021-12-23,1.7028739949740963,209585294.2356289,2992450.889597649
2021-12-24,1.8225362808643957,223413784.56943524,2524040.8291113656
2021-12-25,1.6626957042797823,204807063.50712714,3204996.6536303926
2021-12-26,1.7446085920415808,214049707.74077308,1301512.42392761
2021-12-27,1.8411564097362993,226751347.77339974,2208623.6863034973
2021-12-28,1.7827303408205475,220181860.61376846,1854581.5190777194
2021-12-29,1.6126679191399274,199252969.15386757,1390600.9537856716
2021-12-30,1.6809748751506643,203142869.49947312,1506605.1446788143
2021-12-31,1.799984286390895,222366253.84825623,1979409.2109719187
2022-01-01,1.9022075513373207,236605453.4707549,1937806.2436146762
2022-01-02,2.1041507925456475,260826302.12631634,3075376.7028334863
2022-01-03,2.1565539304859236,267049098.20903677,2458903.327102339
2022-01-04,2.430552004480112,307649119.8713307,4663369.164193234
2022-01-05,2.6570122696183116,329085802.37184954,6098370.609013761
2022-01-06,2.5277645107798334,313189459.6244798,4665837.097932294
2022-01-07,2.6227236934748053,327773869.9243235,3149054.4905504957
2022-01-08,2.486026343221786,310363657.5719567,9911276.552968837
2022-01-09,2.192116532685772,275966748.43497205,4706635.343719838
2022-01-10,2.202969084030893,275873391.6552095,2584750.9093052777
2022-01-11,2.313980228385429,288687021.0310828,4100739.737673988
2022-01-12,2.396990769744077,301043117.627729,1818762.4385708356
2022-01-13,2.5074238254238743,314954205.2445077,3301563.3111723345
2022-01-14,2.360281510513942,297496223.0276944,3518763.4015233335
2022-01-15,2.4318998267328555,305880752.53452647,2013635.722946005
2022-01-16,2.43942154811514,307374974.07016355,2475920.390968915
2022-01-17,2.679760385856911,337076910.88122463,4964924.095175135
2022-01-18,2.312236488613313,292548837.88513273,3415630.8287123987
2022-01-19,2.2527560435050313,285079317.8236299,1753842.1378869298
2022-01-20,2.077846178922789,263054674.17567703,3002869.9233170333
2022-01-21,2.1283610257183208,272175060.3143991,2363082.019545801
2022-01-22,1.799632900782835,229718210.38730496,3202109.4088753117
2022-01-23,1.5754983215895046,199535557.27463856,2655661.376011641
2022-01-24,1.7459993988655305,220236745.3605771,2733649.476512585
2022-01-25,1.8093325845085642,230138534.5446265,2461391.630704206
2022-01-26,1.7852916657755045,226834175.26912555,1870712.0290993296
2022-01-27,1.5952496516286883,204114550.23559436,2490135.3579000547
2022-01-28,1.4901192914831198,189188779.83726108,1976037.765931323
2022-01-29,1.4894354693504528,189779306.1662995,1853345.807292756
2022-01-30,1.4483862356455826,184433731.4417405,1701748.344112801
2022-01-31,1.3893263519201786,177544096.4624103,1335984.46618174
2022-02-01,1.495690301667808,191117420.2078998,1520090.8059520423
2022-02-02,1.5566969780825524,199725194.784623,1519708.6820628333
2022-02-03,1.4384504759763657,183729287.89343518,1084847.7817355215
2022-02-04,1.5546947396754107,199635737.7677911,1343754.5803783166
2022-02-05,1.6333163415029357,209795982.68939134,1180725.4409363451
2022-02-06,1.6720449560186685,215127424.0665203,1465433.6342032056
2022-02-07,1.7177329569224413,220484830.9167284,1471905.7884106191
2022-02-08,1.7990415130719533,231959188.44846246,2575268.8822049657
2022-02-09,1.65513632995958,213328511.3831877,2733662.7860335307
2022-02-10,1.6968933054837823,218571185.86231422,1158767.0771838683
2022-02-11,1.5818398586817017,204356209.08830792,1449377.4393339679
2022-02-12,1.4749938644882008,190272174.7477977,1030070.0000844242
2022-02-13,1.457493564664751,188250072.63614392,1058040.3242084258
2022-02-14,1.4051093531286027,181620855.1311533,965410.4258096984
2022-02-15,1.4377181327713222,185987393.82299542,873336.6873477544
2022-02-16,1.548214107652142,201108430.05763277,1973984.9447508215
2022-02-17,1.488388697627198,193576791.3205787,1696363.440703804
2022-02-18,1.4067594349544899,182549854.21755785,2368319.226944204
2022-02-19,1.3176496372082054,172880932.8541586,1543165.6302164458
2022-02-20,1.2807243471199237,166123307.48557577,1769401.5593729708
2022-02-21,1.2191791394852893,159046204.47958437,1288308.1279533445
2022-02-22,1.1028282442383797,145272103.63522694,1837124.600659825
2022-02-23,1.129768396777933,146704603.64871654,1337512.0110256986
2022-02-24,1.0980605499036968,143488228.966869,2397866.2473862316
2022-02-25,1.0687475417056567,139977843.91311875,4179527.151215201
2022-02-26,1.1480300973891722,148190016.2902905,3792767.5294617396
2022-02-27,1.288576302502884,167244436.1978753,3691803.19976772
2022-02-28,1.164677321178306,152575561.1114449,2983628.7312316564
2022-03-01,1.3068958854922728,171787861.0604811,2721518.4532992314
2022-03-02,1.2950309015694987,169792344.44029486,2171009.8202284737
2022-03-03,1.3403466685947465,175853833.25765026,2074179.6624685556
2022-03-04,1.3218097420636052,174076495.40752304,2436844.5434997543
2022-03-05,1.1490328744358393,151342936.42656016,1975077.5946264614
2022-03-06,1.1796157991339353,155040857.57820967,935775.870746403
2022-03-07,1.1045112513409088,144916726.56596178,668845.8128754458
2022-03-08,1.1135606638894944,147122857.60237637,1443308.806703637
2022-03-09,1.0731359656312358,141941757.8488751,1345433.0402986
2022-03-10,1.131030211975671,149436457.96767914,1435475.9706480165
2022-03-11,1.078072751100089,142291418.53848124,946445.699879859
2022-03-12,1.0536345982002282,139501019.69652283,823324.9752148988
2022-03-13,1.039918972940737,137698621.16746798,539825.68869947
2022-03-14,1.017724530209009,134699519.96374613,621293.1936711924
2022-03-15,1.0498976699978002,138809169.61037463,841033.1278753777
2022-03-16,1.0680662679857078,141626393.71164772,1427437.191593059
2022-03-17,1.106672969664786,145977627.32758594,1641827.8215256613
2022-03-18,1.0994372639480205,145914766.3020114,1645021.0808332423
2022-03-19,1.1013589981749712,145976839.80342183,918797.4765255359
2022-03-20,1.1287893914444136,150028635.72534546,1100023.2181194592
2022-03-21,1.124953810909745,149807307.53778815,1027175.3102655819
2022-03-22,1.1752648178632996,156594448.66978803,1319883.574781076
2022-03-23,1.1732479853260889,156321599.59941012,1454578.3107699768
2022-03-24,1.1685634361353376,158061797.00238934,230896.1353887171
2022-03-25,1.20634452485154,161018291.9431969,905631.0785576495
2022-03-26,1.114468703598834,171363161.44772643,2117741.533728397
2022-03-27,1.1785510933327847,181736734.25918394,888294.7055837206
2022-03-28,1.274129282689411,195946317.57174936,1346366.2010906574
2022-03-29,1.2851754350933136,198263061.1353359,1372879.409359353
2022-03-30,1.2897207497146457,199051655.31709427,1506674.7169475725
2022-03-31,1.306413187270918,201495806.2770839,1654324.4291276375
2022-04-01,1.28171202582269,197789672.05743176,1091994.717329827
2022-04-02,1.3045140709908831,201065382.2433296,998025.4892924916
2022-04-03,1.3717780100948964,212174537.46964538,3551392.9445955027
2022-04-04,1.416741069703487,219141587.7099888,1999623.6984706998
2022-04-05,1.4169623058864278,219283793.97621736,872982.0781350113
2022-04-06,1.373467663683446,213072594.25413436,962617.8181726576
2022-04-07,1.2874210731505584,200348724.65139136,1208413.3218158884
2022-04-08,1.2859068718051438,199913008.79932234,1150455.6736722915
2022-04-09,1.292137958612935,200279876.6736736,1838358.9098234556
2022-04-10,1.3020567332787019,201886469.4767831,567033.976595799
2022-04-11,1.270374527654923,197839275.56262577,1282825.277366025
2022-04-12,1.1570137763496062,180518676.53109145,1146471.1812052394
2022-04-13,1.1845511918643346,183810551.72947207,1120246.044016885
2022-04-14,1.1976309636131262,186123246.46435735,615680.0136265423
2022-04-15,1.2596194500168887,196401463.84785074,1735168.786628024
2022-04-16,1.28614074212029,200753066.51963672,999007.7100155267
2022-04-17,1.3039165653324332,203475113.00801855,483585.4819759406
2022-04-18,1.2624403034412754,197127614.76508442,677669.0769952642
2022-04-19,1.2501402714889684,195087463.296303,888620.2098114927
2022-04-20,1.294614473237034,202307583.17765722,1002841.6023810401
2022-04-21,1.2250339587867074,192413485.96400005,1538024.264402523
2022-04-22,1.1951138021617946,186942969.8797854,1067003.7896830246
2022-04-23,1.1605355077267374,181883809.8268481,1485442.8610511925
2022-04-24,1.158481379673713,181799871.13366172,648530.2829888314
2022-04-25,1.1347926345841666,178433054.53350854,912173.8129688781
2022-04-26,1.0764904837978735,169027548.14516798,1704859.519386819
2022-04-27,1.0830932735730938,170340351.26850963,1201491.523098557
2022-04-28,1.1093266085800768,174864201.4482527,1049612.4705149264
2022-04-29,1.0935816260970799,172399774.90146986,1016069.815605076
2022-04-30,1.0300246718073232,162704076.0237776,1645090.5506661881
2022-05-01,0.9774116754765627,154821497.58989084,1182141.327929315
2022-05-02,0.9195363241597139,145188297.56100652,2004979.272985149
2022-05-03,0.9058626441685336,143558077.326156,973288.2377497412
2022-05-04,0.8910909522540491,141136359.1413067,930140.3798836136
2022-05-05,0.9526218880514579,150867843.47692305,3378705.167165367
2022-05-06,0.888924448477968,140872413.8117248,964929.5058615601
2022-05-07,0.8872763072018267,140935610.59870133,900945.5327646583
2022-05-08,0.8403036403012899,133984827.14355953,2881313.7181907226
2022-05-09,0.7962197882300959,126630935.48253962,1983827.753268638
2022-05-10,0.6558562826068858,106079627.70608075,5299407.923552157
2022-05-11,0.6585389691796202,104685257.41663815,6225016.557103173
2022-05-12,0.5020389966964911,76480177.25463541,6688520.355006313
2022-05-13,0.3920784812130669,61961382.924273565,3494593.6169567867
2022-05-14,0.3983312466418884,63563851.92621466,1897569.8860724443
2022-05-15,0.4139256391092118,65412544.53726163,1274920.6279588528
2022-05-16,0.45699334831416727,73058329.39234257,1042634.8393198762
2022-05-17,0.43503341417995,69704522.43809603,898144.3727274557
2022-05-18,0.45142370842492613,72231880.58601663,880959.821978093
2022-05-19,0.41561673519696063,66919915.09395693,1046630.7453897757
2022-05-20,0.43793404419516807,70113726.34885648,1134463.2176659838
2022-05-21,0.45274335276306155,72589932.41534811,1369193.0850757358
2022-05-22,0.4621658912596917,74145267.01198623,1187788.0686971173
2022-05-23,0.47105314336077564,75735583.9749036,1186145.7915020413
2022-05-24,0.45361099552043094,72830494.99402949,1301515.7234138893
2022-05-25,0.44763520092433656,71984762.72331896,1149413.4704415447
2022-05-26,0.47392280004177717,76335456.4668599,1472484.534747222
2022-05-27,0.45105109019628525,72743713.92506,1228030.9227228689
2022-05-28,0.4021498957654565,64984685.61489563,1247081.128801823
2022-05-29,0.41357785481249654,66696715.65342304,784702.0157671474
2022-05-30,0.4143323648014917,67104285.03670581,659751.4057285232
2022-05-31,0.43042246644394544,69577394.77279703,1121338.3953780166
2022-06-01,0.42668784601776616,69234718.62354769,946382.0139814256
2022-06-02,0.4002954999628655,65121089.75464194,1051730.7495202776
2022-06-03,0.407501292532453,66067392.90268076,1254287.4943317715
2022-06-04,0.39771423725575705,64502469.20386222,954055.5822943837
2022-06-05,0.3894308012553479,63062875.41121739,956204.8363430635
2022-06-06,0.3801627125425158,61923210.22607198,1010470.0662332154
2022-06-07,0.34811761207758984,56558656.43541378,1962857.792571125
2022-06-08,0.35672839700928943,58092125.94378116,1111565.2866144914
2022-06-09,0.34925526805962237,56863979.36789491,685358.0574705094
2022-06-10,0.34980174465026403,57063040.00825701,634227.9321857207
2022-06-11,0.34214445847664965,55473155.77318596,651271.2319963134
2022-06-12,0.34105637370058356,55615845.61281489,416662.60684859805
2022-06-13,0.3073135130185293,50254625.23706863,930888.0658248276
2022-06-14,0.2842118448002513,46085896.92324798,816446.2492125526
2022-06-15,0.2678800869836974,43862721.55118861,872995.0946399848
2022-06-16,0.2598510277049631,42546568.04912592,954654.4850461665
2022-06-17,0.21376268670161241,35134249.23066202,1086785.789350651
2022-06-18,0.22058205535910377,36351297.90573456,1100515.990592294
2022-06-19,0.19907006160783391,32593263.06931301,966727.7208617892
2022-06-20,0.20697459208825209,34069486.70394036,936072.0466447714
2022-06-21,0.21240593675190825,34802643.74279332,1182199.3328900794
2022-06-22,0.22335766228711523,36774479.41307624,897335.7990446764
2022-06-23,0.2301916157935722,37928676.46953983,689194.4665679237
2022-06-24,0.25060226190680956,41255596.80540359,869899.5467598423
2022-06-25,0.2606709044284671,42883657.66272145,799380.325652886
2022-06-26,0.2678215536763503,44094317.02150226,719900.402236581
2022-06-27,0.25459234379749934,42064967.237904124,757291.340789159
2022-06-28,0.24386287163781592,40257907.21386204,798019.443745278
2022-06-29,0.23840906057870684,39393703.27101026,570371.1868765157
2022-06-30,0.23607774846630944,38949845.67958839,681736.1235441169
2022-07-01,0.23007726394211364,37994837.655879214,709856.2284672146
2022-07-02,0.24101932750617258,39772317.69960553,731300.4452774104
2022-07-03,0.24563399690122303,40586164.87196022,637912.6761076222
2022-07-04,0.24134014926538164,39965273.2457399,595911.9200671032
2022-07-05,0.2447588085689806,40539124.936793335,641938.7409477292
2022-07-06,0.24114332364434593,39941509.82249776,697678.6104728765
2022-07-07,0.23528879495904428,38952197.6826228,570192.8852648957
2022-07-08,0.24016193118735818,39797857.03043496,576800.5614534741
2022-07-09,0.24071009265388624,39767024.61253721,556006.7578425393
2022-07-10,0.24536394737385372,40774551.073657274,535761.895325553
2022-07-11,0.25673400530171353,42636814.26824958,613528.3690605739
2022-07-12,0.26535445988679685,44163982.64492497,1048084.0736670797
2022-07-13,0.24816268965241314,41052244.674415104,780894.2298861373
2022-07-14,0.2519859919656736,41887388.451789096,537852.9191603427
2022-07-15,0.26576905019231173,44192424.501684755,660642.9585269595
2022-07-16,0.27656754668008887,45931326.25126668,635998.5351522063
2022-07-17,0.2831171278866099,47083537.42282946,504180.24427182873
2022-07-18,0.28580944503168343,47566312.25992516,548167.9249283597
2022-07-19,0.30537613349665865,50628906.848571874,608226.1784286535
2022-07-20,0.3411706480744706,56838244.5234643,1293591.4177852084
2022-07-21,0.3257155803857033,54579345.6448503,701214.0309334235
2022-07-22,0.3535903779442442,59113991.64248652,652358.6920714268
2022-07-23,0.3469211939598979,57887738.935875185,553811.6954691805
2022-07-24,0.3376946596338737,56378418.61866056,561056.7793263257
2022-07-25,0.3453330632950855,57829312.10296712,598320.5376135535
2022-07-26,0.3229354133445921,54166099.41799612,561192.7060750427
2022-07-27,0.32801187696753376,54868985.98185072,652284.3433238564
2022-07-28,0.3505567249556268,58586223.784450464,703249.4177366969
2022-07-29,0.3755902346759773,62760317.30870474,925492.4499232031
2022-07-30,0.38701444539521046,65079889.544563435,688879.4033939728
2022-07-31,0.3843110798124279,64392726.180335775,625570.9577138486
2022-08-01,0.3851470042481958,64375724.98677359,595550.3174394715
2022-08-02,0.3821041301329719,64049276.680600435,423357.7999766596
2022-08-03,0.37784427578832386,63321173.92948963,647263.0328501705
2022-08-04,0.38145283868331786,64044531.08110494,482546.9476792517
2022-08-05,0.38313656038909105,64068554.242018744,516141.9280090032
2022-08-06,0.39460013113177117,66174054.14677052,566524.4217862214
2022-08-07,0.3958259980875109,66506156.06501844,480066.3193288145
2022-08-08,0.4097771402656488,68767010.82146141,610869.4941149635
2022-08-09,0.413044068217702,69496683.77117535,629367.1715919328
2022-08-10,0.40758382741007176,68655356.97421072,695681.2395156542
2022-08-11,0.4090065248828405,68879898.89091189,720422.04633036
2022-08-12,0.41166621205262993,69433416.62933582,623601.5172706972
2022-08-13,0.42715650746389966,71974169.43168207,774469.3070533613
2022-08-14,0.43649058815444114,73647555.09416944,736770.3903270734
2022-08-15,0.42788305275926264,72111021.30059277,577629.2783390743
2022-08-16,0.4186666648230452,70517468.19050969,616459.8038838627
2022-08-17,0.4085853915254113,68850248.78855823,563157.671993015
2022-08-18,0.40608209612119606,68402223.03213786,631846.0570605965
2022-08-19,0.3868175674342216,65281532.808723174,1111129.8588739515
2022-08-20,0.3681609821220061,62285229.078795314,681427.6173454376
2022-08-21,0.3570123040965501,60367610.30940818,1098368.2716310292
2022-08-22,0.3646778808550398,61782374.960669346,521041.3382677017
2022-08-23,0.36302585179533287,61402786.391884536,580278.305999432
2022-08-24,0.3717044953539297,62948127.04465134,734817.6083972796
2022-08-25,0.37338778893051555,63194014.42270787,784961.8547177044
2022-08-26,0.37402982531787643,63344547.085199334,673979.9898017958
2022-08-27,0.3251048011762624,55160234.58094503,1036995.0439986228
2022-08-28,0.32668030455602476,55366641.25092337,897553.4271748817
2022-08-29,0.32062403825441294,54227004.17999261,550952.0427903803
2022-08-30,0.32753865837953056,55369422.08049445,664660.9253249385
2022-08-31,0.32910445679540457,55789042.45138146,684049.8997955712
2022-09-01,0.3304378043619686,56102725.738647096,569090.0420195293
2022-09-02,0.34135271658352556,58034433.70465647,566178.9143888269
2022-09-03,0.33822403038427745,57543049.93348914,533110.1306839999
2022-09-04,0.3329235858429183,56581501.53590251,558659.7772765448
2022-09-05,0.3342682806165759,56865396.040840305,499962.00600898196
2022-09-06,0.3251216957083969,55165528.863761015,595144.2821848972
2022-09-07,0.3133788862356638,53320867.168736376,500786.58954180137
2022-09-08,0.3308693793349218,56307717.574634194,677986.9749929522
2022-09-09,0.34718208982627297,59159269.485552154,667874.0549278115
2022-09-10,0.361820091465133,61641755.39964638,807001.5499200036
2022-09-11,0.3580906291672349,61238302.65135004,582051.7264733505
2022-09-12,0.3478360454292073,59249243.16310302,578646.8828307481
2022-09-13,0.34355897999997653,58607832.362037025,652045.9070642043
2022-09-14,0.3202946236702878,54629197.44745758,643681.261172271
2022-09-15,0.32063796267570277,54698670.26664633,632029.2485377713
2022-09-16,0.3254362350904622,55629341.56862245,692351.5067905572
2022-09-17,0.34142582498008583,58539231.37762633,748105.1643415298
2022-09-18,0.34464492459769497,58853493.26124727,564341.9120690235
2022-09-19,0.32573327157565585,55769285.101083286,651104.5397301456
2022-09-20,0.3266597655032406,55962300.35820234,547993.4966305536
2022-09-21,0.3113617625003501,53381008.63474157,541759.8201735634
2022-09-22,0.27776293021154885,47503785.86282036,1144808.3942065248
2022-09-23,0.2864955007675776,49053449.851172335,598707.2251556652
2022-09-24,0.2827535585162432,48487600.81642326,582001.9417793571
2022-09-25,0.2776822049302804,47620505.962457955,458380.07565238903
2022-09-26,0.27899837723236626,47938293.651882954,492150.60669869947
2022-09-27,0.2798188347470772,47985016.204358056,453924.1374545935
2022-09-28,0.2717013495524392,46601482.96691316,619570.8103273596
2022-09-29,0.262850725656621,45076419.22205008,1021246.370447225
2022-09-30,0.2575804506579263,44175520.61812266,786122.665344636
2022-10-01,0.25973229726777225,44704692.79167443,715789.0364420039
2022-10-02,0.2562268511577484,44027167.880718976,589842.9880932699
2022-10-03,0.2542607524873956,43720384.75431825,541304.7369197954
2022-10-04,0.26128195693645656,44993035.20404015,622053.963207544
2022-10-05,0.26079206291306845,44939506.34033914,552249.820362234
2022-10-06,0.24726201347444307,42627461.653925896,691189.3535287539
2022-10-07,0.2522477805829181,43430177.82257614,735495.8378256033
2022-10-08,0.2527318362489675,43560170.88767698,683830.1195391531
2022-10-09,0.2579009211131786,44459472.59892779,657988.7901205536
2022-10-10,0.2587589670455565,44573066.50025896,634631.9286373524
2022-10-11,0.2601954718362114,52472062.52354016,759864.2895556497
2022-10-12,0.25860001292179813,49693521.64734793,809020.974552536
2022-10-13,0.2521047510957959,48804410.79106164,674965.388222805
2022-10-14,0.25355725269789847,48885353.77857987,823447.7194055198
2022-10-15,0.2567567745913647,49460678.671306565,770324.4875210616
2022-10-16,0.25600170407656825,49351539.52697582,465169.64626558626
2022-10-17,0.2564381509877121,49471805.64563971,491679.41413171304
2022-10-18,0.2623953097812457,50574239.50012803,516754.08849407523
2022-10-19,0.26381275355320655,50987289.27058809,605110.9520108933
2022-10-20,0.2559658630217671,49513341.69084527,509597.31355142395
2022-10-21,0.2479402764860715,47902294.71145148,578338.2167306772
2022-10-22,0.2495172855058706,48104687.39602752,641611.1759057485
2022-10-23,0.2501552597167959,48370381.46968929,660734.8063272774
2022-10-24,0.2525455692596079,48780315.490807176,575523.2892959852
2022-10-25,0.25135393478039003,48602199.410434276,744636.1761334324
2022-10-26,0.2579572340949477,49946827.86082715,795112.1704874701
2022-10-27,0.2596848560228197,50205647.37125295,723170.0077903018
2022-10-28,0.26054267795030683,50463565.9180393,591405.2332419315
2022-10-29,0.2539379683912021,49195864.59990571,1565636.5498588388
2022-10-30,0.2516995418187136,48782593.12547222,862491.7805624851
2022-10-31,0.2529721284004866,48984660.067181,655730.3484307021
2022-11-01,0.25646654419256654,49732457.772461414,743228.4718578368
2022-11-02,0.2605532493405477,50508132.54274425,738755.2037105239
2022-11-03,0.24821622067394317,48185845.41227177,785233.7760221673
2022-11-04,0.2729376229619971,52979446.218988486,957480.667994799
2022-11-05,0.3308158613772511,64247455.580148056,1539060.904060858
2022-11-06,0.34316051681534443,66686101.00148351,1186581.5092606873
2022-11-07,0.32882066879513977,64260733.157305256,670436.6442530344
2022-11-08,0.3150671944922796,61251232.5759123,743142.6861064801
2022-11-09,0.2876014106635125,55968258.969686635,977454.5081280178
2022-11-10,0.242649019073591,47416261.16567293,775124.2268184271
2022-11-11,0.26025900433528865,50652600.67179008,755838.9330925704
2022-11-12,0.24115162254450892,47054431.27604845,769555.901396046
2022-11-13,0.22446393914200388,43731482.77681161,579720.6124372575
2022-11-14,0.21446504163749738,41759220.5001109,660111.6545633089
2022-11-15,0.19990551463989803,38971617.12098619,952693.2999640952
2022-11-16,0.20191098549651842,39340367.25096785,934216.339694859
2022-11-17,0.19132762683827084,37226353.936608635,883262.2509173878
2022-11-18,0.19152545143352978,37379788.33310759,655079.6651350162
2022-11-19,0.18929089130116397,36946477.686271094,706073.531527376
2022-11-20,0.1863563625174423,36732503.98061076,627495.0877399053
2022-11-21,0.18193261880742412,35581712.809027605,564967.0397637906
2022-11-22,0.1863581684268729,35984052.804198645,896445.7431698905
2022-11-23,0.21761827581370705,42458444.57014619,1403701.6690611686
2022-11-24,0.225002720926889,43936181.47279227,566611.4264026544
2022-11-25,0.24333926083150265,47522082.466343574,811323.8645867581
2022-11-26,0.2425445841331293,47192419.45378895,350936.8173505445
2022-11-27,0.2444269627311279,47753302.754222006,504337.00021528255
2022-11-28,0.2493996160556187,48761301.15524117,577597.6843331645
2022-11-29,0.2568163262497368,50230138.72618235,1076423.4680807572
2022-11-30,0.26297132241616883,51473355.16102878,689787.4923090558
2022-12-01,0.25929160790701544,50937627.99064485,655262.0414703818
2022-12-02,0.2520615073715175,49357317.75309464,564058.2616147499
2022-12-03,0.2392928892649431,46838624.527634524,516623.1038745962
2022-12-04,0.22814264902983267,44872415.88416726,774933.7783146492
2022-12-05,0.22962498516938534,44816695.56578504,458759.24831935734
2022-12-06,0.2220665382691604,43532318.9149417,578049.7972627215
2022-12-07,0.21135927291120887,41316875.48289715,495471.0601923234
2022-12-08,0.21497200108889067,42203285.64613404,444167.7820548137
2022-12-09,0.22885726863713174,45103560.63071943,491754.0497060006
2022-12-10,0.2157975753658482,42340773.09573493,504138.88739446393
2022-12-11,0.228819069658299,44873034.884099275,569118.0300154446
2022-12-12,0.21874382734038128,42948325.14094249,938276.3374238453
2022-12-13,0.22133200094309682,43475754.83975487,733842.7032728995
2022-12-14,0.21204467355249768,41805005.58246908,881260.005994056
2022-12-15,0.20861984223963853,41031786.608279794,736339.7777164968
2022-12-16,0.20525186907368714,40370697.69744218,769024.187696461
2022-12-17,0.1939982217273093,37899885.04667602,383701.69888190966
2022-12-18,0.20073809298958406,39465568.0151083,780702.5806301369
2022-12-19,0.2041946160863476,40256333.559796855,765953.3662256395
2022-12-20,0.19127157660182295,37693751.87101464,816816.7314137645
2022-12-21,0.20123742928129268,39611393.26008573,796490.3936883935
2022-12-22,0.20050814043753282,39523172.13424419,829407.2438757258
2022-12-23,0.20119901878402863,39712935.23436663,785554.8275225436
2022-12-24,0.2048714721802279,40336610.61693014,711413.703903429
2022-12-25,0.20782155646355155,40994024.09404371,699374.2175500914
2022-12-26,0.20471459644808318,40387893.73152417,741619.1924399557
2022-12-27,0.20381374721409598,40247861.52138584,753729.8784099462
2022-12-28,0.2042407730200508,40300210.88854912,715591.3600174844
2022-12-29,0.19403701498599124,38293185.07739666,792097.8262727456
2022-12-30,0.19705660927923452,38910481.54457088,842542.8959947835
2022-12-31,0.19131869274574023,37772402.36435456,719961.6925202751
2023-01-01,0.18529291787618274,36558659.8304307,726462.0093718399
2023-01-02,0.19594881447318802,38705874.537061416,750252.9800477332
2023-01-03,0.1999821854157221,39498996.663224205,1099445.2533690964
2023-01-04,0.20291634758017227,40112812.32971779,826872.9112758593
2023-01-05,0.20471038292778237,40490336.56920109,892378.0848878282
2023-01-06,0.20369621742767519,40306590.86450975,719872.1645162875
2023-01-07,0.20552302830335803,40644071.065771334,748267.1743459278
2023-01-08,0.20824071829539811,41246981.46848494,774332.319932869
2023-01-09,0.22701131112263812,44944123.94822042,988798.5194664053
2023-01-10,0.22683464104474108,44931460.74417023,891704.1358768776
2023-01-11,0.20115524104610527,39771881.12283035,1078792.083373009
2023-01-12,0.2189098066672792,43428272.43304797,1087673.379653123
2023-01-13,0.22903797776283943,45337427.342096105,918303.0006257584
2023-01-14,0.2382016356870651,47294742.2429806,792101.5821681826
2023-01-15,0.2484401811061636,49337741.8719893,916141.4955869315
2023-01-16,0.2531095489063034,50169015.1660743,801397.7773096911
2023-01-17,0.23967626927929533,47459299.95128905,900537.2733668776
2023-01-18,0.24593382549226142,48742325.48140422,797943.1963592218
2023-01-19,0.22687013532218606,45020226.259371266,890270.0496218144
2023-01-20,0.2289658814939958,45515707.953626625,844982.1999500752
2023-01-21,0.24688358077910869,49089135.266843274,820779.0507552386
2023-01-22,0.27095234634604376,53970214.71777465,1486373.7906107893
2023-01-23,0.27158227004889973,53729063.35686724,1142224.2774366469
2023-01-24,0.275739819398873,54616993.83427289,916594.7385206709
2023-01-25,0.28273239259378785,55495717.58052017,941265.1182539598
2023-01-26,0.28343663178859385,56245883.520045884,920040.1106832343
2023-01-27,0.3019172662480569,60134475.01735046,1096782.4517126225
2023-01-28,0.3194094416511831,63392096.36745496,1136936.3441909093
2023-01-29,0.3458510210581706,68651140.82777944,1380620.6969972758
2023-01-30,0.3505495788987799,70068466.99117367,1339631.314722043
2023-01-31,0.33479390343766713,66385558.25586386,994703.751714624
2023-02-01,0.3301616115709438,65711289.33045856,854680.8608365424
2023-02-02,0.37109670084297475,73922828.07885028,1309442.202698198
2023-02-03,0.3913066866497818,78045399.61210048,1328810.4626462765
2023-02-04,0.3924459014432862,77210000.17244561,974558.4054140991
2023-02-05,0.4028470361371428,80261364.10749252,1061829.7053848847
2023-02-06,0.3920701334610874,78117266.19243014,1029553.2959319084
2023-02-07,0.38820772403486187,77549156.5797024,965564.6602259942
2023-02-08,0.5203466947669092,103908349.36188468,3490823.55582225
2023-02-09,0.4664314521461573,93567239.62970455,1292928.60135637
2023-02-10,0.5095996050367549,101432867.94478303,2976723.5955738993
2023-02-11,0.5425679903759071,108388665.4011047,1456391.2001076238
2023-02-12,0.5567919570539962,111001839.83108284,1040780.3851126024
2023-02-13,0.6128780449744621,122589271.6617863,1511668.0315329367
2023-02-14,0.5123932954785096,102109280.67724496,2101012.674803555
2023-02-15,0.5195574183672345,103833713.38643865,1433641.3647046112
2023-02-16,0.5465032105681396,109143699.41298106,1133784.2492267468
2023-02-17,0.5279087181342734,105257134.16298088,1230591.586494224
2023-02-18,0.5314430603669859,106185070.00500199,1233175.5037991228
2023-02-19,0.5319324856919806,106397061.10345392,1066580.7299360328
2023-02-20,0.5634967497068595,113137557.37428798,1748410.3086133325
2023-02-21,0.593975413091118,118936347.49803275,1705218.6877700216
2023-02-22,0.5324510738973245,106507191.94096796,1600980.0236084121
2023-02-23,0.5125771325817551,103206681.3378043,1601888.4558592911
2023-02-24,0.5120351961272569,102420835.8198098,1342741.501495697
2023-02-25,0.4756760352147644,95372845.79453957,1618419.1939223062
2023-02-26,0.4736490317750398,94957279.57645006,1263374.5930707674
2023-02-27,0.5005366672688102,100512997.50449319,1505911.2522028424
2023-02-28,0.4787344592033287,95974344.24112113,1154707.4305063002
2023-03-01,0.4812385434076223,96286804.48580188,1464270.9019486937
2023-03-02,0.44985349954330356,89902596.8453514,1526904.332336054
2023-03-03,0.42525769087800663,85431077.84764409,1593831.1565256375
2023-03-04,0.4152953495500646,83293012.37631197,1515316.8770422316
2023-03-05,0.4142585682453333,83225782.73773427,1177055.361943781
2023-03-06,0.41730257376006213,83728892.98000792,1086823.5596333845
2023-03-07,0.40723697287918986,81720048.92282282,1233217.1176897066
2023-03-08,0.3942082291131349,78892639.7755813,1148547.070053348
2023-03-09,0.3711171294815382,74614848.50043821,1178990.2435825055
2023-03-10,0.36236753662363713,72662554.68607055,1354047.1992354796
2023-03-11,0.34085908758719724,68499418.3003859,1561435.1014637563
2023-03-12,0.3012160518228437,60206945.69153553,2742374.129685782
2023-03-13,0.316789212168601,63462888.73440676,2394478.5674610566
2023-03-14,0.33569679791617774,67580407.06840013,1812204.8002635792
2023-03-15,0.3538354100010064,71184599.58619094,1493418.724900036
2023-03-16,0.3329233619700636,66963104.602027304,1525969.8921757478
2023-03-17,0.3348030974493636,67376623.14526017,1290421.3344457038
2023-03-18,0.3476542872912295,69827778.13717845,1350676.318128841
2023-03-19,0.3416268545279038,68762076.67779428,1398585.6202554621
2023-03-20,0.3442962786540972,69393522.90502904,1278933.5317428105
2023-03-21,0.33630389707745373,67760174.8195056,1243822.712136502
2023-03-22,0.3323351353853771,66950348.45990893,1267194.8944830203
2023-03-23,0.3099606221611046,62350415.52616786,1365156.6763655003
2023-03-24,0.30583389122641735,61459369.32926808,1327083.793629699
2023-03-25,0.2986349998141383,60479054.93239466,1199150.8851309677
2023-03-26,0.30857456415858664,62203952.79438607,1298151.5855993712
2023-03-27,0.30981801535182785,62456590.39926442,1122895.693019798
2023-03-28,0.2973836657735767,62576404.95900783,1203723.9189890518
2023-03-29,0.3046504199578742,64166109.78496564,1301195.2012011192
2023-03-30,0.3104829038651163,65658233.69862199,1284055.8137986006
2023-03-31,0.3078596685990112,64763286.12670453,1284737.0823062593
2023-04-01,0.3111159184644845,65530189.891594104,1211053.6496822292
2023-04-02,0.3126079013126132,65869259.84537558,1136405.3158819885
2023-04-03,0.3075802603083866,64821156.85700024,1172456.6289179032
2023-04-04,0.2914844923316,61575173.93403745,1267167.3528684056
2023-04-05,0.30107470375986867,63480916.601889275,1238013.537084963
2023-04-06,0.2982392365353768,62976077.27031613,1221761.0074481214
2023-04-07,0.29083959259252107,61388620.62770872,1075546.0034230484
2023-04-08,0.2879566646486771,60740514.407579236,1212409.4029148854
2023-04-09,0.28141385018877985,59570950.042816535,1142360.4353121019
2023-04-10,0.2835328389148785,59760387.506421216,1146251.8600164622
2023-04-11,0.28773471400771883,60826895.7438906,1236442.9320517103
2023-04-12,0.2785726041210901,58862747.77816714,1294683.7559234495
2023-04-13,0.282796880122375,59524803.85034155,1483148.0247324328
2023-04-14,0.33557704755622914,70893338.50701016,2733832.8462102264
2023-04-15,0.3603025528481951,76153299.60517806,2147241.320237833
2023-04-16,0.3645757612773729,77027245.94335905,1527078.5808393443
2023-04-17,0.3576212498945735,75626851.05907196,1743949.6495218675
2023-04-18,0.3416636027626614,72304428.9444416,1401386.490467788
2023-04-19,0.333028859737817,70491833.14159225,1484882.2641935665
2023-04-20,0.2985203312230663,63710408.54138412,1497845.2002164335
2023-04-21,0.2998803411011635,63483268.82378901,1441110.100595731
2023-04-22,0.28719517520120963,60820782.80184151,1268230.3877920483
2023-04-23,0.28597789608363944,60586926.37942853,1242612.889199027
2023-04-24,0.28190062583882447,59520276.80774312,1248689.4487294795
2023-04-25,0.27642087778363456,58525157.890886165,1147399.5362486814
2023-04-26,0.27890439990282023,59078881.2691009,1088170.917835352
2023-04-27,0.2901032073040159,61284203.76507711,1340122.197310521
2023-04-28,0.2847171624833687,60275697.37929763,971734.0715414275
2023-04-29,0.27701273533599285,58662261.129393466,880815.0076558874
2023-04-30,0.2668893704298413,56696402.823736645,934252.7737099258
2023-05-01,0.2650440891790733,56181232.75668159,901847.7906964406
2023-05-02,0.2527194046486887,53682540.81697871,1048193.3113782617
2023-05-03,0.2562836565174468,54315013.136757255,1056139.7681040566
2023-05-04,0.25268595725271514,53756749.41019699,857729.457106789
2023-05-05,0.26460193008133015,56193709.33480816,861184.3611492887
2023-05-06,0.2624559479210502,55622461.91060233,994742.749067521
2023-05-07,0.2583155275634173,54860128.5930648,887150.2827011027
2023-05-08,0.25341403719435207,53688935.96438729,800804.3031137827
2023-05-09,0.2419402047389639,51330587.38382248,869260.8348056996
2023-05-10,0.2318397171058675,49123031.12947895,806570.8842488753
2023-05-11,0.24379069849802523,51815524.94396373,1195989.0061856564
2023-05-12,0.23707372605669555,50380794.83278172,717230.9256375793
2023-05-13,0.2373296038965576,50567337.31694973,753609.6679892243
2023-05-14,0.25364793803113145,54111067.373386264,1035515.98506125
2023-05-15,0.25611208081945674,54404954.596712,767522.741202178
2023-05-16,0.25499081236006094,54115572.80606881,782355.1013905049
2023-05-17,0.26589109188523913,56653689.31498571,932915.3916524111
2023-05-18,0.28646269166969246,61061672.799589716,1048235.9292658393
2023-05-19,0.28353362112853825,60462958.62284501,1086990.56113194
2023-05-20,0.31941182548150115,67825438.38757743,1411752.497845974
2023-05-21,0.32884983587398126,70061451.1570256,1030149.8367230457
2023-05-22,0.35187293125689567,74618829.67795223,992071.6905260095
2023-05-23,0.3825276088968064,81437001.8344281,2026074.0200939246
2023-05-24,0.36682598919454157,78141737.60447353,1321735.8624828116
2023-05-25,0.344284359874129,73458734.31722,901240.1741019468
2023-05-26,0.4229364099688569,90207713.49014352,1917495.531202981
2023-05-27,0.4491430240546265,95770040.65284483,2296572.9171113735
2023-05-28,0.48422000705928503,103451766.53490399,2268315.9081192673
2023-05-29,0.6084619758310192,129753851.17346758,3422118.0058502136
2023-05-30,0.5628898663056383,120330580.94405651,1957595.201314472
2023-05-31,0.6377481011056065,136088846.08859596,2555172.2789471922
2023-06-01,0.6470094241409045,138299295.77399948,4086279.354774871
2023-06-02,0.6299538445880138,134843571.94639665,3060418.6031040377
2023-06-03,0.5952053119553162,127248788.85019869,2520796.2788052247
2023-06-04,0.6221591602218175,133040457.0713188,1963598.482735451
2023-06-05,0.6624930186190066,141386857.94516936,1527454.4105490735
2023-06-06,0.6032279220050648,128911334.77180892,2392582.08122385
2023-06-07,0.6494500999070095,138960627.99227458,1862775.5516663743
2023-06-08,0.6241847111112024,133544964.81617899,1348345.8683331336
2023-06-09,0.6106860867776039,130645361.05106322,1499310.9839399904
2023-06-10,0.5800564471708719,124237569.12352906,1136773.6443851995
2023-06-11,0.5044923643000597,107932363.67482165,1978083.6086679122
2023-06-12,0.5316576913644471,113813510.79147357,1091366.07822703
2023-06-13,0.4710682959872065,100671414.5460159,1388544.2382963614
2023-06-14,0.4728225898364835,101187612.12091602,1427276.927490021
2023-06-15,0.46940829788681765,100448942.91189528,1590672.5253449313
2023-06-16,0.5104263574084225,109240844.52502626,1917207.0615888329
2023-06-17,0.6235859065484458,133629327.85512967,2695166.446638147
2023-06-18,0.6940324412485687,148799772.8457175,2366076.9725530203
2023-06-19,0.6216315656356795,133233476.20617232,1686821.2583119313
2023-06-20,0.6166446299233335,132127087.50864954,1444341.2270483028
2023-06-21,0.6469725696120291,138660928.3049722,1753053.5298729413
2023-06-22,0.6480957684532768,138785803.05260494,2607359.0464791143
2023-06-23,0.6451670703299119,138593317.39032257,1439451.7554457707
2023-06-24,0.6593327868049222,141038588.6471511,1685982.7817906667
2023-06-25,0.6578354262527877,140629182.91821307,1467182.5594084058
2023-06-26,0.6256113566144831,134512275.9136234,1541531.608850341
2023-06-27,0.6029054673413962,129496936.37364766,1458622.676281904
2023-06-28,0.591138311736205,126941735.21399838,1613598.055872883
2023-06-29,0.47758248427361194,102576196.43482964,2387999.6450604103
2023-06-30,0.5093235403459176,109436153.16277547,1843225.31178609
2023-07-01,0.5600303836632301,120512173.29440965,2109407.2112763138
2023-07-02,0.5613580877457268,120558835.54855259,1670590.2003062398
2023-07-03,0.5750422520428998,123651502.68465224,1349279.2932529766
2023-07-04,0.5904067831774488,127563548.67496037,795239.5125490134
2023-07-05,0.5915584966134253,127171235.90043515,1813124.9706333203
2023-07-06,0.5734200983080473,123266522.84599036,1315025.3195443132
2023-07-07,0.6071532915164579,130900211.15053245,1748499.2377522103
2023-07-08,0.5903393726855135,127075033.50332427,1406122.493611754
2023-07-09,0.576418503912108,124195445.87393136,1226574.4555480664
2023-07-10,0.5928080603214826,127612990.36707594,1273324.242119704
2023-07-11,0.5868550698023077,126305415.9687581,1384729.9358646572
2023-07-12,0.5529890613506683,119216617.6050825,1573574.1246711637
2023-07-13,0.5378566859133116,115794603.58695045,1380133.2360287034
2023-07-14,0.5544352421247476,119253799.16217251,1606673.1538129677
2023-07-15,0.5562682192742575,119729964.34354214,1639206.1453370522
2023-07-16,0.5528322533153168,118950453.10217199,972819.7540419801
2023-07-17,0.5200352958254921,112176166.88456452,929512.1570446137
2023-07-18,0.5409411479282217,116447770.31217563,953677.2360836533
2023-07-19,0.553869179513616,119095874.24693054,1227789.50036733
2023-07-20,0.5433840487695634,117069611.38769168,1501936.3526375298
2023-07-21,0.5583923654126429,120346927.07961872,1394120.942906326
2023-07-22,0.6455303982235719,139035083.01852173,2057245.8602367588
2023-07-23,0.6184200473659809,133642832.57340652,1800582.8849716163
2023-07-24,0.6048697963990269,130368810.07089971,1748145.2779889782
2023-07-25,0.5821465148257468,125789889.31722692,1511934.1642211676
2023-07-26,0.5936584404221086,128287316.50421295,1247840.930869165
2023-07-27,0.5903761673860477,127458382.03068015,1345674.099868044
2023-07-28,0.6113245316398543,132123073.72840033,1601590.9325752174
2023-07-29,0.616533085850252,133252098.25426497,1711907.3863014716
2023-07-30,0.6200717784299353,134028590.34227644,1497001.958310711
2023-07-31,0.6078794126383058,131424911.88907568,1282722.432120132
2023-08-01,0.6051633637365879,130939841.81867754,1549232.3821749222
2023-08-02,0.5796675868276616,125053602.3196985,1809253.9416621798
2023-08-03,0.5946398620023149,128767457.74031514,1424714.8478248122
2023-08-04,0.579392773657369,125370568.49960142,1296045.006309475
2023-08-05,0.5854729028815293,126390650.05474791,1293824.906533745
2023-08-06,0.5798095241518353,125475543.66726774,1298732.0007501855
2023-08-07,0.5810426411753685,125893933.84952289,1249170.3559742426
2023-08-08,0.600107268245472,129916260.23175165,1740525.736765543
2023-08-09,0.7461958973984752,161610653.57813367,4035933.7281853114
2023-08-10,0.7652971089060848,165727350.7419045,3074503.543080869
2023-08-11,0.9641819493454874,209158080.02165574,7877443.226544195
2023-08-12,1.1682307690639024,255310914.53545454,6501372.671378335
2023-08-13,1.3167030358780163,284091554.4639579,8592521.756026585
2023-08-14,1.1958511174233528,258209392.12977675,4957074.508435666
2023-08-15,1.1803409080230722,255930744.13776404,4193125.0143395723
2023-08-16,1.1548542096129428,250403491.83692214,2517305.951678036
