fecha,price_insure,market_insure,vol_insure
2020-01-09,0.03587581785804973,0.0,3587.581785804973
2020-01-10,0.041816769095677275,0.0,14256.896835930933
2020-01-11,0.027383284191916296,0.0,6609.098578977759
2020-01-12,0.028457104366629116,0.0,6286.3957369747
2020-01-13,0.04032896321910067,0.0,20826.551355951902
2020-01-14,0.040315620109764486,0.0,12748.70840669091
2020-01-15,0.045379927962868834,0.0,16925.845442641625
2020-01-16,0.0441423157439042,0.0,15003.762275005829
2020-01-17,0.04221955440200598,0.0,16326.98163106669
2020-01-18,0.04445375164026086,0.0,22744.99130384677
2020-01-19,0.04176083755732139,0.0,16625.78726769898
2020-01-20,0.034462177242965325,0.0,16411.342084368596
2020-01-21,0.03501055862900504,0.0,8344.079531181853
2020-01-22,0.030095968131918352,0.0,11259.037719181546
2020-01-23,0.030133804312780673,0.0,20099.490670972908
2020-01-24,0.05332595069589066,0.0,60790.08320268655
2020-01-25,0.0533551231089315,0.0,19835.423142104875
2020-01-26,0.052902219986341,0.0,15870.666148260694
2020-01-27,0.053843522472788556,0.0,16372.896974696807
2020-01-28,0.05528753099280857,0.0,31015.178959748613
2020-01-29,0.05606564510420371,0.0,50161.82685453537
2020-01-30,0.05737110428622454,0.0,42108.95183494228
2020-01-31,0.0596995861121709,0.0,36511.51762751353
2020-02-01,0.010049665019858054,0.0,1938.933153267984
2020-02-02,0.05759124112524187,0.0,48095.44642388565
2020-02-03,0.03707508849383151,0.0,91.51902445511597
2020-02-04,0.0426968085372722,0.0,5274.550390414902
2020-02-05,0.0556374314844624,0.0,56172.32673235841
2020-02-06,0.050210374944119084,0.0,27098.37867602558
2020-02-07,0.05663062524714101,0.0,46079.382131312675
2020-02-08,0.0529552822137742,0.0,31732.67288302574
2020-02-09,0.0409489949483478,0.0,7753.606351210323
2020-02-10,0.04526053249719718,0.0,10080.296769977102
2020-02-11,0.05442913472011519,0.0,30019.478313361164
2020-02-12,0.041513105679974974,0.0,10699.008942412916
2020-02-13,0.046288129434660784,0.0,10589.049676446606
2020-02-14,0.045689348785308934,0.0,11385.59403591781
2020-02-15,0.06440085824108562,0.0,42675.2036338475
2020-02-16,0.06631823181395824,0.0,41780.060650032625
2020-02-17,0.0628418846135355,0.0,42198.43046373458
2020-02-18,0.03145472201644663,0.0,22909.84832600831
2020-02-19,0.06652961575683354,0.0,46678.85851240671
2020-02-20,0.06425226688197919,0.0,42971.37130250352
2020-02-21,0.06025337690861399,0.0,32573.183019950804
2020-02-22,0.06110819190277861,0.0,40022.22739330247
2020-02-23,0.04990272607786575,0.0,30701.850391327673
2020-02-24,0.05823726251623577,0.0,34569.18106325195
2020-02-25,0.02020400514689505,0.0,3297.9674793437916
2020-02-26,0.024964751144281514,0.0,12200.6776010866
2020-02-27,0.017685423710755575,0.0,14707.631509249844
2020-02-28,0.027444188753088752,0.0,25054.851992098043
2020-02-29,0.027455453096793245,0.0,16799.9805163386
2020-03-01,0.022090384206867292,0.0,21156.491679432085
2020-03-02,0.020874051963258484,0.0,2350.1968591666305
2020-03-03,0.021641721131211426,0.0,2557.650936463861
2020-03-04,0.024679242177045292,0.0,3818.1004826553367
2020-03-05,0.02830545594852111,0.0,29286.944674454426
2020-03-06,0.022458758689600827,0.0,7764.86152537019
2020-03-07,0.02236285267311657,0.0,18274.919357609164
2020-03-08,0.024512888671280222,0.0,36917.67708345679
2020-03-09,0.02065175060594708,0.0,33220.80166914547
2020-03-10,0.019097493167172398,0.0,8505.264661453843
2020-03-11,0.019825586603198716,0.0,31362.598051809255
2020-03-12,0.019045938369831344,0.0,36647.754560678346
2020-03-13,0.012420353296753226,0.0,15185.330964061319
2020-03-14,0.011515919609265374,0.0,15496.058168657504
2020-03-15,0.012711037140220281,0.0,16937.630409612142
2020-03-16,0.012369802454164093,0.0,18414.357090073838
2020-03-17,0.011450091096421394,0.0,17041.01811900039
2020-03-18,0.011902027699278615,0.0,16218.914130461324
2020-03-19,0.011261005995997633,0.0,17392.673124631187
2020-03-20,0.013246573138607321,0.0,21162.959536662915
2020-03-21,0.014218194093339371,0.0,20751.75093052654
2020-03-22,0.01307667248708281,0.0,21532.7938622345
2020-03-23,0.01250004885239622,0.0,19622.5002061786
2020-03-24,0.013161106545067114,0.0,19494.86836613342
2020-03-25,0.013817451641067931,0.0,19385.44543744943
2020-03-26,0.013541595342460282,0.0,17689.11097596691
2020-03-27,0.013315679319924735,0.0,22080.189863588024
2020-03-28,0.01355052866275312,0.0,25989.386842865417
2020-03-29,0.012571760716176165,0.0,23613.47411095647
2020-03-30,0.012700098843906854,0.0,21716.217961296436
2020-03-31,0.016187515225344177,0.0,28767.461671042816
2020-04-01,0.011978729705294145,0.0,20966.343962367682
2020-04-02,0.013180717546192591,0.0,22048.748343847896
2020-04-03,0.014102770947638382,0.0,33534.3246660577
2020-04-04,0.013592578209575067,0.0,27943.15499823131
2020-04-05,0.013470300093482108,0.0,22798.53335676795
2020-04-06,0.013950732316807539,0.0,28651.836530137247
2020-04-07,0.015279974252616662,0.0,38684.24048643412
2020-04-08,0.01596856636287231,0.0,35877.00243966603
2020-04-09,0.016853824919591035,0.0,43661.09059404943
2020-04-10,0.01616853437350554,0.0,52938.57770469033
2020-04-11,0.019452073987949466,0.0,32368.215979024983
2020-04-12,0.019955807629028675,0.0,28328.662434072114
2020-04-13,0.02097489632907096,0.0,31742.025546111625
2020-04-14,0.020080837254925172,0.0,30753.58237726599
2020-04-15,0.020553524101068737,0.0,28966.061654058383
2020-04-16,0.020143658139943958,0.0,30679.998045816865
2020-04-17,0.021884105743631137,0.0,25884.72373391219
2020-04-18,0.01097164461830418,0.0,7680.972964552791
2020-04-19,0.012418697141960132,0.0,6776.103574913868
2020-04-20,0.016077089852472463,0.0,32774.38750936602
2020-04-21,0.0158160689705211,0.0,33869.68780897574
2020-04-22,0.015654983033520895,0.0,27581.694141740933
2020-04-23,0.010994988144116504,0.0,5712.423716615476
2020-04-24,0.013659743908042235,0.0,3842.9315544847614
2020-04-25,0.01708915624984255,0.0,35723.39412885307
2020-04-26,0.015985366384310386,0.0,32442.283422450226
2020-04-27,0.011215717674793896,0.0,5880.675744709216
2020-04-28,0.01039774149269007,0.0,5602.719461925972
2020-04-29,0.01863003704492437,0.0,32530.627304998892
2020-04-30,0.02058462396706383,0.0,34637.86839900533
2020-05-01,0.019931301500103277,0.0,32533.272786979604
2020-05-02,0.018324708767529015,0.0,42777.500391036694
2020-05-03,0.01998049892380888,0.0,43063.37429315142
2020-05-04,0.011999640224374185,0.0,3472.2846287730217
2020-05-05,0.018271872010843713,0.0,35217.267396822695
2020-05-06,0.018771185588853538,0.0,38876.22902306802
2020-05-07,0.020406265364766984,0.0,52104.83330748218
2020-05-08,0.019234996398730306,0.0,41702.531555327885
2020-05-09,0.012206672688620652,0.0,2386.167373859869
2020-05-10,0.014403645422709364,0.0,0.02879721535140909
2020-05-11,0.014701659081377766,0.0,3056.767227726784
2020-05-12,0.023290839228205133,0.0,36271.69149514722
2020-05-13,0.010373152560271569,0.0,5739.254858541844
2020-05-14,0.01954108358718557,0.0,35445.26203208784
2020-05-15,0.014703827189609968,0.0,29185.869400446234
2020-05-16,0.01048061922115367,0.0,1510.1407182258158
2020-05-17,0.010548617301653634,0.0,1262.9368474167356
2020-05-18,0.011247915700664416,0.0,1276.7869460883308
2020-05-19,0.009771177795406632,0.0,16486.570687461837
2020-05-20,0.014440649886208055,0.0,27997.64243565642
2020-05-21,0.010222387729090449,0.0,2784.9683543306937
2020-05-22,0.00818771926138479,0.0,2925.945191435532
2020-05-23,0.013594574353574215,0.0,24706.928378104323
2020-05-24,0.007726575416608784,0.0,1571.8369707281934
2020-05-25,0.006921996278608244,0.0,1461.7105988541628
2020-05-26,0.005479860356148658,0.0,1811.985863934279
2020-05-27,0.004234738811699711,0.0,8066.930042945874
2020-05-28,0.010374032824001471,0.0,26442.82894751965
2020-05-29,0.009555331168519378,0.0,1965.761152993004
2020-05-30,0.0087057681932572,0.0,2149.321939777985
2020-05-31,0.006941570709593592,0.0,2277.5775442151453
2020-06-01,0.007338002356918349,0.0,1535.119412203291
2020-06-02,0.011498996538837208,0.0,32948.61054378549
2020-06-03,0.009037024158435693,0.0,11135.945368863762
2020-06-04,0.007675650281020537,0.0,32805.62215849241
2020-06-05,0.0057526087884257025,0.0,1980.2163781055092
2020-06-06,0.006699349666806156,0.0,31535.276191922152
2020-06-07,0.008205742347122767,0.0,16837.825400557656
2020-06-08,0.006104029985420984,0.0,17489.830340690078
2020-06-09,0.005577247357989422,0.0,1921.8398208107844
2020-06-10,0.005678221533672789,0.0,1928.240741980638
2020-06-11,0.006949375176257288,0.0,22351.691990127216
2020-06-12,0.006131695969147763,0.0,23349.633793366676
2020-06-13,0.005529786013501008,0.0,4722.472290846908
2020-06-14,0.005242005649936722,0.0,5945.1506513126715
2020-06-15,0.005266410886916994,0.0,7376.716049714233
2020-06-16,0.005574178066580782,0.0,6691.283869041547
2020-06-17,0.005995667486317666,0.0,8036.134747517691
2020-06-18,0.005459514024664527,0.0,6215.156006140226
2020-06-19,0.006565418819946588,0.0,9329.308304114791
2020-06-20,0.005418880910809103,0.0,9203.893691212475
2020-06-21,0.005900938306622503,0.0,8060.153705586558
2020-06-22,0.005956590584078899,0.0,4657.176235066142
2020-06-23,0.005888901994017919,0.0,7826.273138524757
2020-06-24,0.005768436253429063,0.0,9035.519678466282
2020-06-25,0.005105575303672992,0.0,9508.730441470223
2020-06-26,0.005154623384996532,0.0,6314.1203621849845
2020-06-27,0.005160684408026405,0.0,5941.869815996263
2020-06-28,0.0047408550739137,0.0,9863.455874653971
2020-06-29,0.005177215986413284,0.0,9900.277635834867
2020-06-30,0.005106628535943636,0.0,15968.218134811525
2020-07-01,0.0049892134349961694,0.0,8516.12952492957
2020-07-02,0.004807034583600964,0.0,7605.342976998314
2020-07-03,0.004733724226146146,0.0,2190.55718104749
2020-07-04,0.004005201554201069,0.0,9512.628615507654
2020-07-05,0.004281441403667582,0.0,4556.438539681657
2020-07-06,0.004633312874266352,0.0,18577.926457991132
2020-07-07,0.004257646769756012,0.0,9612.420059733957
2020-07-08,0.004201762035093889,0.0,6516.191212795313
2020-07-09,0.00464911682064569,0.0,7946.743462631603
2020-07-10,0.004831680107883461,0.0,11482.061884430761
2020-07-11,0.004743169530485805,0.0,10112.692515649578
2020-07-12,0.004316141506156348,0.0,12390.20524645986
2020-07-13,0.004543369437025204,0.0,10925.987422860493
2020-07-14,0.00729375156072954,0.0,21199.510404971756
2020-07-15,0.006375596074474337,0.0,8646.609638093189
2020-07-16,0.009939983353763199,0.0,13166.23357084418
2020-07-17,0.006753101680781114,0.0,15369.621006036683
2020-07-18,0.004428007254931077,0.0,7638.4877791532335
2020-07-19,0.007477104428065535,0.0,14318.673821097651
2020-07-20,0.006468829142580793,0.0,13298.205692613583
2020-07-21,0.00637820696854037,0.0,13468.34612494882
2020-07-22,0.005841004846604099,0.0,12099.24442576371
2020-07-23,0.004091334058824998,0.0,6773.098223317601
2020-07-24,0.004033304698646941,0.0,3000.4923303293435
2020-07-25,0.0040262046953553005,0.0,9917.215555163404
2020-07-26,0.0040894763637257265,0.0,7430.359355920674
2020-07-27,0.004365415276773676,0.0,6650.494673315042
2020-07-28,0.005398884559974157,0.0,7070.066084437677
2020-07-29,0.003955390458260097,0.0,10735.965956280224
2020-07-30,0.004735947996213958,0.0,20414.96502030071
2020-07-31,0.004795149005267712,0.0,10594.36478081016
2020-08-01,0.004313748253752876,0.0,9998.613090819581
2020-08-02,0.00389995488889045,0.0,5171.29729062774
2020-08-03,0.002973306863880156,0.0,4085.1372101932216
2020-08-04,0.004303712303465495,0.0,6369.14175350148
2020-08-05,0.00637540425800958,0.0,8445.695658117289
2020-08-06,0.003160647782204337,0.0,4144.2571752652375
2020-08-07,0.005411004419110936,0.0,5701.584607747812
2020-08-08,0.004947988629670492,0.0,7243.144974173492
2020-08-09,0.00445872490480344,0.0,5834.424345656398
2020-08-10,0.005255843169518052,0.0,6979.011775011578
2020-08-11,0.0037375843132045963,0.0,5543.302566653391
2020-08-12,0.0034199562786309838,0.0,7878.6651307525235
2020-08-13,0.003998829118913208,0.0,18570.082739053865
2020-08-14,0.003816837707020077,0.0,23718.47780739545
2020-08-15,0.0030322240704578405,0.0,8896.755325071694
2020-08-16,0.003844270145943965,0.0,5742.662002568544
2020-08-17,0.0029168159956114844,0.0,21008.747438143615
2020-08-18,0.0037490587426302884,0.0,43134.40738577586
2020-08-19,0.005627895049859461,0.0,4302.595198994372
2020-08-20,0.0032061307849113956,0.0,20527.649152232538
2020-08-21,0.006063800814922246,0.0,9013.069758791342
2020-08-22,0.003455766440159423,0.0,3504.392973106833
2020-08-23,0.0032739999363022637,0.0,12389.870427508242
2020-08-24,0.003419468245581173,0.0,8871.65412878478
2020-08-25,0.005761393657216232,0.0,7513.583264610776
2020-08-26,0.00478103423181867,0.0,6095.8473317741955
2020-08-27,0.002981752608575546,0.0,4620.6711740935125
2020-08-28,0.003331092481339986,0.0,7162.5264941176265
2020-08-29,0.0035315533405871208,0.0,14005.48818776141
2020-08-30,0.002972198188637469,0.0,16991.175591091713
2020-08-31,0.0037477317388618105,0.0,14212.939557633492
2020-09-01,0.00233195291736282,0.0,4515.601059324838
2020-09-02,0.0024530766519895845,0.0,7493.012950742987
2020-09-03,0.002066419548239957,0.0,2875.215177616391
2020-09-04,0.0009840144251846961,0.0,3296.5325785935274
2020-09-05,0.004353473530893005,0.0,7847.070699766986
2020-09-06,0.00325626073600352,0.0,4222.621234627285
2020-09-07,0.0018224412105268685,0.0,4323.699492002233
2020-09-08,0.0016696577048807037,0.0,8982.821696802615
2020-09-09,0.0021763511098963077,0.0,12027.41095454065
2020-09-10,0.0023501702173851315,0.0,5777.760508396117
2020-09-11,0.001796921041430274,0.0,10565.979729070386
2020-09-12,0.0022837448676059882,0.0,12829.73813214073
2020-09-13,0.0020853192336000408,0.0,3760.179589974263
2020-09-14,0.0027174195420922014,0.0,16974.965823740196
2020-09-15,0.002026834610359372,0.0,0.004049619605167246
2020-09-16,0.002328415055149449,0.0,5884.141859244156
2020-09-17,0.0018147495164007035,0.0,2.930696134980929
2020-09-18,0.002733296439149008,0.0,17283.014017684807
2020-09-19,0.0023929448424869285,0.0,12225.455603408933
2020-09-20,0.001661986413867405,0.0,0.00664794565546962
2020-09-21,0.00218340772919148,0.0,2183.8462811926543
2020-09-22,0.0019000114802613433,0.0,4058.734280883661
2020-09-23,0.0018760493615619927,0.0,11499.08018721117
2020-09-24,0.001739449330413399,0.0,1944.3519383022553
2020-09-25,0.0012174699591706655,0.0,5692.3668268002075
2020-09-26,0.0019932854947955444,0.0,6021.188547098596
2020-09-27,0.0015836030595148415,0.0,12232.263987945362
2020-09-28,0.001181680921015706,0.0,2297.169883199397
2020-09-29,0.0010700148046129832,0.0,5998.581212001527
2020-09-30,0.0010797215862915635,0.0,5564.246426189197
2020-10-01,0.0008596824797506467,0.0,1580.2871929930873
2020-10-02,0.00106082587532524,0.0,2445.389092175801
2020-10-03,0.00105702204124923,0.0,884.7842061057676
2020-10-04,0.000845608262844192,0.0,1174.385839505857
2020-10-05,0.001169217092971301,0.0,1781.0943480299384
2020-10-06,0.0017491277534236183,0.0,7.654181301603128
2020-10-07,0.0013527544620500597,0.0,245.31715855580043
2020-10-08,0.0009456068354378489,0.0,3160.416445833722
2020-10-09,0.0009572434029567995,0.0,3.9521816250979795
2020-10-10,0.0012251363833901802,0.0,232.00716603449305
2020-10-11,0.001382090972103972,0.0,533.3552993569613
2020-10-12,0.0009078649032431581,0.0,2183.1999813719585
2020-10-13,0.0009329212019128988,0.0,1976.0320706354357
2020-10-14,0.003662198906442048,0.0,3735.4318979741697
2020-10-15,0.000911446395255664,0.0,1644.220014400366
2020-10-16,0.000919784996570792,0.0,2063.1987547478075
2020-10-17,0.000907535301915048,0.0,848.9682838545173
2020-10-18,0.000909253140712088,0.0,1881.496824596389
2020-10-19,0.000918377429944616,0.0,639.9777249525904
2020-10-20,0.001057064111218143,0.0,1662.0694125640966
2020-10-21,0.0009857314075816938,0.0,2151.1181375560723
2020-10-22,0.001017651540350136,0.0,1561.7564423299198
2020-10-23,0.001056333605450865,0.0,1951.9370654809834
2020-10-24,0.0017196552601326186,0.0,2102.8543130439425
2020-10-25,0.00131027176065018,0.0,2749.2058596997845
2020-10-26,0.001286936746166167,0.0,2753.189620918627
2020-10-27,0.0011556913235150467,0.0,3715.1368982333765
2020-10-28,0.0011058005829251518,0.0,1542.1550987222092
2020-10-29,0.0011088541746269375,0.0,1686.9141535109616
2020-10-30,0.001203104996138448,0.0,3300.181723716559
2020-10-31,0.001410221799803275,0.0,2677.5972895278137
2020-11-01,0.0011206459239643985,0.0,2219.6910940688704
2020-11-02,0.001132206825760807,0.0,1944.3817034710312
2020-11-03,0.000950350866414068,0.0,1783.2220655180286
2020-11-04,0.0016226207401927482,0.0,2591.0068786468414
2020-11-05,0.001129864538965579,0.0,1735.75039941027
2020-11-06,0.001709960354581578,0.0,1897.3494643656288
2020-11-07,0.001246074050185568,0.0,1691.4978026151919
2020-11-08,0.001486664292392849,0.0,153.49771689478297
2020-11-09,0.001901044449265643,0.0,2270.0154376516725
2020-11-10,0.001381531566675735,0.0,3315.11264144634
2020-11-11,0.001378001999336832,0.0,1781.4063882887267
2020-11-12,0.0014172819619906363,0.0,2684.1763563680047
2020-11-13,0.0015699836333234643,0.0,2537.7228973272536
2020-11-14,0.0014704462664980034,0.0,1749.748797937008
2020-11-15,0.001254745688019814,0.0,1196.191981072535
2020-11-16,0.0014604562818533167,0.0,3597.2218525462695
2020-11-17,0.0018625951665840112,0.0,3161.522534961419
2020-11-18,0.001230236514599764,0.0,1959.6990774292956
2020-11-19,0.0035494651635835,0.0,3074.42249341548
2020-11-20,0.0007165772964500348,0.0,1496.4315079671499
2020-11-21,0.000743348841696808,0.0,1534.812460845419
2020-11-22,0.001112213879448749,0.0,2929.631811238657
2020-11-23,0.001115276664196368,0.0,2499.6876615248652
2020-11-24,0.0022760451562921676,0.0,4835.020187233546
2020-11-25,0.007815671605864646,0.0,24585.171995197274
2020-11-26,0.0011293019430448456,0.0,2476.324689881394
2020-11-27,0.0010148916233557997,0.0,1898.047545374125
2020-11-28,0.0015093825699896632,0.0,2550.508374882254
2020-11-29,0.00106779508034553,0.0,1706.764906786942
2020-11-30,0.0010882798475660496,0.0,2549.135605565952
2020-12-01,0.001175237821152391,0.0,1265.4417657071704
2020-12-02,0.002157567593515894,0.0,3246.7096214119515
2020-12-03,0.001348290696067256,0.0,3427.3676716315713
2020-12-04,0.002725532519979556,0.0,9687.580873786193
2020-12-05,0.0011235017988303812,0.0,1581.0037836944064
2020-12-06,0.001148734790630076,0.0,1928.261504815745
2020-12-07,0.0011601297139150427,0.0,2600.2308010656448
2020-12-08,0.002021218403705843,0.0,3088.04136430838
2020-12-09,0.0009168281715877186,0.0,1145.1610065517957
2020-12-10,0.0008835315828273129,0.0,1638.6705735897824
2020-12-11,0.0010919314528968858,0.0,1946.5608297474594
2020-12-12,0.0009658566242356126,0.0,2931.364948852019
2020-12-13,0.0010359170210427135,0.0,2441.4321984564253
2020-12-14,0.001149291677986062,0.0,2636.1678581999204
2020-12-15,0.0014297294268420448,0.0,3588.3788005618762
2020-12-16,0.0006666816071856675,0.0,348.30898403743413
2020-12-17,0.0008367143562605072,0.0,136.09780431868433
2020-12-18,0.0014693457026440358,0.0,3900.1924768678095
2020-12-19,0.0015030364272487777,0.0,11741.929971552292
2020-12-20,0.0011296516327211307,0.0,2042.5375201377958
2020-12-21,0.00118629721721828,0.0,2003.034272550394
2020-12-22,0.0011829171280906183,0.0,3815.134845948826
2020-12-23,0.0011734858147761013,0.0,1887.7209065662453
2020-12-24,0.0012855053453796718,0.0,4685.045169215402
2020-12-25,0.0013670363243558285,0.0,3593.1968195677755
2020-12-26,0.0009270022167749042,0.0,2210.974126107009
2020-12-27,0.001059091512281092,0.0,1630.005998371175
2020-12-28,0.0009930101002475426,0.0,2612.024884785702
2020-12-29,0.0005627030639355694,0.0,514.7447487375305
2020-12-30,0.0010340186568559083,0.0,7321.763073480565
2020-12-31,0.001342330887065086,0.0,1745.502087426239
2021-01-01,0.00106790361475382,0.0,5832.898829692767
2021-01-02,0.001666113472770578,0.0,6136.267560765752
2021-01-03,0.0012286007884708434,0.0,4495.695255832155
2021-01-04,0.0018946438840508684,0.0,9004.032767402636
2021-01-05,0.00214813264735544,0.0,5652.3403371560835
2021-01-06,0.0021559940321843533,0.0,4967.340378122624
2021-01-07,0.0022134601552862014,0.0,2082.1859334436936
2021-01-08,0.0021205582323430812,0.0,6443.126447687969
2021-01-09,0.0006828003558911774,0.0,8855.954114483275
2021-01-10,0.0005696247164129848,0.0,1627.1755253175143
2021-01-11,0.0021264261676730628,0.0,17379.971257090318
2021-01-12,0.0015155311693921419,0.0,9052.109181010748
2021-01-13,0.001351257476161245,0.0,3083.9494167020143
2021-01-14,0.002056467914761281,0.0,20896.3990704774
2021-01-15,0.00035338355378251694,0.0,4425.451144896954
2021-01-16,0.0003625282288272982,0.0,1275.562430299978
2021-01-17,0.0017942442644156948,0.0,2958.158467951892
2021-01-18,0.001826888544181495,0.0,4258.4045355396765
2021-01-19,0.002139154872640341,0.0,20083.67718680791
2021-01-20,0.0008453404156108788,0.0,1414.7797746766885
2021-01-21,0.0018077993256517236,0.0,15086.868028113451
2021-01-22,0.002161498837006516,0.0,9043.585767102717
2021-01-23,0.0013382350362155522,0.0,4005.949478030175
2021-01-24,0.00769134489427104,0.0,164738.54735616397
2021-01-25,0.008711333924636655,0.0,37117.66101878632
2021-01-26,0.00941656816071951,0.0,184752.57425243795
2021-01-27,0.010347319530989245,0.0,202660.87149641648
2021-01-28,0.001454384648082708,0.0,11534.19803233194
2021-01-29,0.0016876133743711395,0.0,20332.64389681976
2021-01-30,0.0014975575438751331,0.0,14231.126284403976
2021-01-31,0.0019595208752596393,0.0,19295.588557414892
2021-02-01,0.0016550941082056952,0.0,16071.386719516824
2021-02-02,0.001968979601776473,0.0,13440.419215260808
2021-02-03,0.0016549666578714204,0.0,23505.66485794459
2021-02-04,0.0029648473518258276,6798786.849593149,71902.30863430773
2021-02-05,0.0029219811463066223,6694120.032646827,85036.9613979774
2021-02-06,0.002965518689852026,6780992.0310755065,42803.901130285194
2021-02-07,0.0027387049889927764,6274167.996110132,8324.01909012733
2021-02-08,0.001940632325917487,6979863.158922082,30491.167661562118
2021-02-09,0.0033092317281653294,7469570.5763778165,45443.4671159509
2021-02-10,0.0011125682527091622,7504593.738316459,3151.9352605248005
2021-02-11,0.0031901132420528414,34874309.65813833,439605.38713885646
2021-02-12,0.003311384184476832,36285726.6356212,595341.9974181827
2021-02-13,0.0034194760805927524,37309238.987046406,840612.4884194079
2021-02-14,0.0034789417582687817,37984578.96522435,683384.2852566087
2021-02-15,0.0034913232100855524,38427453.68589635,184614.50318693617
2021-02-16,0.0033439675483541327,36741420.68923877,27314.96426911164
2021-02-17,0.0026429344876927243,28859696.720050562,36891.5273396424
2021-02-18,0.0036713631970556214,40232806.43568462,380702.0574752727
2021-02-19,0.0038377392442698784,41965786.21339828,294077.4685965955
2021-02-20,0.0036640420491140654,43775203.19183777,271236.61869593355
2021-02-21,0.003622317631638272,44699224.504975796,167649.02061128043
2021-02-22,0.0026412934338310933,52275551.08241702,28194.512904298917
2021-02-23,0.00395927933728103,47198423.76617417,346350.8507456916
2021-02-24,0.0037065517438223247,44239974.830763884,64911.334774168834
2021-02-25,0.0017807394093867068,21199849.68219848,11673.937382258331
2021-02-26,0.001686943270375856,45065161.40808401,4725.765457588324
2021-02-27,0.0034438600315995433,41226162.955349945,118478.84264481065
2021-02-28,0.0036556428234904704,43615071.176472284,106918.09544118016
2021-03-01,0.002112383709636462,20672601.160061665,17753.027280943876
2021-03-02,0.00283402864190655,33908678.05188512,55422.5174232941
2021-03-03,0.003586546544795104,43103896.28623259,296604.5141567298
2021-03-04,0.003643004395235461,43885070.07310781,254041.80461796714
2021-03-05,0.0037195278366897047,44491858.723744504,122212.83557435904
2021-03-06,0.0031958851931330745,44179289.48049104,14740.506622913432
2021-03-07,0.003298706365057576,39359846.68828068,10819.112788333214
2021-03-08,0.003586047257450084,42842174.8392985,8912.686490248403
2021-03-09,0.004188720641295601,49668538.6525314,299364.9635999795
2021-03-10,0.004199343014076095,49756830.49828996,159184.7183506024
2021-03-11,0.003939819236166755,47132253.21569235,440869.7699974974
2021-03-12,0.0037632158837134187,45007559.04890631,157983.62878069442
2021-03-13,0.004154057650765868,62947621.653313495,548425.8046267112
2021-03-14,0.0042419218815593325,64351160.67682344,196282.8282303622
2021-03-15,0.004755961563093073,72130916.30488834,477481.2618414181
2021-03-16,0.004544937103800369,71094309.50716402,552903.9721162132
2021-03-17,0.004974684695370362,77257530.63456999,383431.63542275585
2021-03-18,0.005424060292405424,83965409.5069211,512275.66998803336
2021-03-19,0.00563598355511865,87844956.75129092,518187.5395931792
2021-03-20,0.005902809339145141,91634980.05385399,544843.1935232241
2021-03-21,0.005712484158375045,88612636.74572942,612928.755561889
2021-03-22,0.006164478616264885,95544779.32151715,445800.60837496095
2021-03-23,0.006276987440882122,102344079.97302508,503227.25783581665
2021-03-24,0.007065497146793295,109693652.34868135,664926.7182291901
2021-03-25,0.006214446051551671,96549142.29126327,553413.2155178394
2021-03-26,0.006679031209463629,103416378.68211077,653429.1167442322
2021-03-27,0.006992022783491263,106874375.57835948,284084.70736685314
2021-03-28,0.007206102186083763,112277990.65010527,211124.094750444
2021-03-29,0.007002016473921762,108529471.5564725,221334.51644322588
2021-03-30,0.0069119973590606575,104982851.18733533,81485.72381505891
2021-03-31,0.007077498783311951,108379068.66412644,64578.489923893154
2021-04-01,0.008346348522917898,129471326.34201708,758928.0954882168
2021-04-02,0.008370261556476915,129787642.89558318,402543.4903828591
2021-04-03,0.008540945983677774,136533688.0777077,635131.377594596
2021-04-04,0.008611662481455465,133870772.76341084,873429.9841933033
2021-04-05,0.008688412618293704,134631482.73469567,634179.736041322
2021-04-06,0.007958337379469256,123346006.55972593,578072.6918432134
2021-04-07,0.007856910055877782,122796489.0930783,147744.97631169876
2021-04-08,0.007347495300478312,114252512.17957197,151786.40160713816
2021-04-09,0.008152358762969228,126164444.35202686,112107.55876703527
2021-04-10,0.00789438374294418,122077480.97188148,118133.08035880674
2021-04-11,0.0074900228092528885,115889593.59012674,108165.78750910425
2021-04-12,0.008997715704540925,139170187.35532007,72587.61092883217
2021-04-13,0.005480174422319492,84155896.823935,22473.049020014634
2021-04-14,0.005723652538946752,88593538.44728069,9849.308450715154
2021-04-15,0.00636010157199998,98411214.71179028,38477.146474178735
2021-04-16,0.00911884313559171,141383559.83553854,72097.88750763734
2021-04-17,0.009113844811600652,141332884.37062064,1059479.285431377
2021-04-18,0.00821128897760202,127687204.94244188,457574.907229872
2021-04-19,0.008914686722814561,138113904.8587554,1134720.4822512146
2021-04-20,0.008320958471796569,128969414.12593384,667924.1153807414
2021-04-21,0.0083687349827955,129542648.98582725,923128.7691555069
2021-04-22,0.008085947434622575,125374797.664668,841821.7860322128
2021-04-23,0.008323583236168391,129157223.27220403,1437170.0987480427
2021-04-24,0.007124679915201907,110281571.76224205,1055201.6370338863
2021-04-25,0.00667454319875585,103679273.9863357,652837.4117373732
2021-04-26,0.005910300517932011,91579190.24478635,354457.66276156664
2021-04-27,0.006570790728504743,101824844.12097144,1180469.322848726
2021-04-28,0.006819145231110858,105667158.30246751,453540.6839732274
2021-04-29,0.0068163924458677265,108035490.85583049,1868914.7800383756
2021-04-30,0.008248805784836704,129821927.95471099,814592.2991129702
2021-05-01,0.006816536810763405,182276352.61009097,1393433.3448613589
2021-05-02,0.006841724002863869,183414150.76111907,1297953.8775770478
2021-05-03,0.006734443190261484,180057414.5878926,1631340.3898039276
2021-05-04,0.007574484158005474,202546209.02110937,2498116.153378941
2021-05-05,0.007903450603452399,212612956.32023287,2827255.28230902
2021-05-06,0.008412142532678734,225219465.68467867,1439077.0456687384
2021-05-07,0.008339052113246573,223349605.88954934,2136697.7169375946
2021-05-08,0.00695526835468572,186259647.98411965,50384.0195153519
2021-05-09,0.00864863891292883,231193222.489282,2979796.84752908
2021-05-10,0.009038982148476,242660462.67185226,3616689.1172484653
2021-05-11,0.008658163690843018,231971060.64178982,3808033.933060134
2021-05-12,0.00911464528407025,242921338.52531976,1637109.658470181
2021-05-13,0.008512058847048726,240551289.54308635,3906129.9794821027
2021-05-14,0.007553158058911352,205700610.77609918,1474418.3143364314
2021-05-15,0.00832775539613115,222394868.82257053,3223457.4509102344
2021-05-16,0.006815422199860864,182591186.52977574,1525224.0171315519
2021-05-17,0.007418112945472999,197204953.0468564,2060951.7507239345
2021-05-18,0.006071530876109326,162313600.03906712,1852085.8227425418
2021-05-19,0.006687446241865924,179207458.19755578,1142335.6578443432
2021-05-20,0.004958507998247352,135228569.27737933,1324275.8704650532
2021-05-21,0.0052554214234139356,142380897.6337117,2612294.730379687
2021-05-22,0.004525100676235072,121562245.2147188,970181.3208776729
2021-05-23,0.004077233789886303,109820361.33988898,1440866.87136417
2021-05-24,0.003932550125633482,104935189.4216192,1468530.9396554856
2021-05-25,0.004586260074305216,123152360.63254099,1794479.3406810302
2021-05-26,0.00378916427420989,101510881.2520546,11655.990876138783
2021-05-27,0.004304445659441978,115170272.61094129,106401.06840733378
2021-05-28,0.005032907533652159,135419484.94447112,200336.26902543023
2021-05-29,0.004294874838348497,113302107.98949413,128387.62735344273
2021-05-30,0.0036170288865954815,97177582.78952649,81553.60507044519
2021-05-31,0.0038658990977863037,103703770.66554067,297926.234922684
2021-06-01,0.0042184461713121735,112647689.15328346,348431.0774077595
2021-06-02,0.004115928827226093,110248910.1696462,349601.5397835015
2021-06-03,0.00407756543158447,109367144.7978918,357399.9179576627
2021-06-04,0.004402121514940973,117849513.18581396,734720.9060576912
2021-06-05,0.0041420900031779095,111090858.58322082,444139.49785111874
2021-06-06,0.003859783239195757,103277266.21208005,344867.05240316695
2021-06-07,0.0036700430974940233,98019841.13847184,232903.97426153175
2021-06-08,0.003335139032254226,90959482.31918682,1089348.474201536
2021-06-09,0.0034254258130835334,92834491.91991098,1037511.6316220224
2021-06-10,0.0035367213996945297,95576274.11682549,1194972.05859627
2021-06-11,0.003129218733709156,83835840.48852023,915840.6605976507
2021-06-12,0.0029981598629693893,79921487.388858,982787.1831715713
2021-06-13,0.002923183764701967,78726493.98876819,3771.4580983958886
2021-06-14,0.0029082941862792777,77913132.04129246,66398.62807182831
2021-06-15,0.0032070898177008404,85851561.68435821,145430.875597669
2021-06-16,0.003033658110587479,85680948.41749664,32623.024969050843
2021-06-17,0.002869462492895203,85680948.41749664,97311.71902965759
2021-06-18,0.002826127026995693,85680948.41749664,60838.8752555068
2021-06-19,0.0025812057047012774,85680948.41749664,108807.30846556772
2021-06-20,0.0026264028178845764,85680948.41749664,166585.93863854316
2021-06-21,0.0026846135077291076,85680948.41749664,116310.79455606686
2021-06-22,0.002251692956462714,85680948.41749664,72194.5748687387
2021-06-23,0.0023234466473783227,85680948.41749664,73615.62123674159
2021-06-24,0.002142523272661364,85680948.41749664,1337.311215804823
2021-06-25,0.0024126296230095883,85680948.41749664,56309.19031786632
2021-06-26,0.002162782548444806,85680948.41749664,3349.708740815121
2021-06-27,0.003282617647781863,85680948.41749664,5696.117957975233
2021-06-28,0.00214959843898397,85680948.41749664,4371.840370015782
2021-06-29,0.0021517012446376684,85680948.41749664,2267.741430457574
2021-06-30,0.0027398636560669065,85680948.41749664,33085.46925023474
2021-07-01,0.003918676731494883,85680948.41749664,8244.574767447819
2021-07-02,0.002462063910788407,85680948.41749664,13729.708235878812
2021-07-03,0.002612702090378455,85680948.41749664,6990.150290571836
2021-07-04,0.003473628294480647,85680948.41749664,14064.70011685279
2021-07-05,0.00257394225814346,85680948.41749664,4916.529528239043
2021-07-06,0.0022511201165229026,85680948.41749664,7393.057112603244
2021-07-07,0.0024471146753641112,85680948.41749664,5945.428972668034
2021-07-08,0.0027073316320846245,85680948.41749664,36226.7513116735
2021-07-09,0.0022250677753867603,85680948.41749664,3674.5467830850544
2021-07-10,0.003984765862544396,85680948.41749664,5913.8756131814
2021-07-11,0.0024455416645969177,85680948.41749664,36267.835882163534
2021-07-12,0.0022497165883455924,85680948.41749664,31108.92347632847
2021-07-13,0.001976264247879156,85680948.41749664,6426.756708373232
2021-07-14,0.003961244420474069,85680948.41749664,14417.523646818563
2021-07-15,0.0020878029984337408,85680948.41749664,12062.893825563537
2021-07-16,0.0018725587936686819,85680948.41749664,17758.931005941846
2021-07-17,0.001953834563353648,85680948.41749664,5271.279857721361
2021-07-18,0.0019409701318521214,85680948.41749664,17922.44735838085
2021-07-19,0.003982731362897862,85680948.41749664,14752.880989123085
2021-07-20,0.0018605789815932408,85680948.41749664,15233.523111794577
2021-07-21,0.0018206650901025768,85680948.41749664,6069.577920987359
2021-07-22,0.002200240910713727,85680948.41749664,8528.388962657124
2021-07-23,0.0014494978771276824,85680948.41749664,13315.448819658333
2021-07-24,0.002559866002246446,85680948.41749664,6506.425790109679
2021-07-25,0.003965983516590682,85680948.41749664,14099.055537545808
2021-07-26,0.004023729654114188,85680948.41749664,14902.418895751009
2021-07-27,0.0017780996152067696,85680948.41749664,5314.98052545289
2021-07-28,0.003954493349074053,85680948.41749664,14870.61444577155
2021-07-29,0.0018649301607940193,85680948.41749664,7133.201613359701
2021-07-30,0.0039007079707023434,85680948.41749664,88805.34814623896
2021-07-31,0.00200268017100822,85680948.41749664,2397.120459845926
2021-08-01,0.0025319439658255225,85680948.41749664,92731.60534401005
2021-08-02,0.0027251759388690296,85680948.41749664,123011.18956936242
2021-08-03,0.002820061997779341,85680948.41749664,102361.27108003828
2021-08-04,0.0020735197598375755,85680948.41749664,1104.7132344538038
2021-08-05,0.002744984185199036,85680948.41749664,94809.67277643124
2021-08-06,0.0015366362382487919,85680948.41749664,5117.042930588854
2021-08-07,0.002910961167051255,85680948.41749664,108279.0051105941
2021-08-08,0.0019179397946880283,85680948.41749664,6681.660116268145
2021-08-09,0.0019468457557299378,85680948.41749664,4409.981849903518
2021-08-10,0.002818320282848769,85680948.41749664,78302.93830486071
2021-08-11,0.0020008102515515864,85680948.41749664,4143.675749578781
2021-08-12,0.0019362361125961553,85680948.41749664,7157.709911311104
2021-08-13,0.002070683128817515,85680948.41749664,5107.765594864428
2021-08-14,0.0025416538947972463,85680948.41749664,40934.527731352035
2021-08-15,0.002005296131518743,85680948.41749664,4062.3802566838267
2021-08-16,0.002126566212674926,85680948.41749664,5954.300795292764
2021-08-17,0.0022290405957829332,85680948.41749664,9343.32290172445
2021-08-18,0.002116253674565172,85680948.41749664,7269.854521234384
2021-08-19,0.0021936991979421908,85680948.41749664,5340.54250390673
2021-08-20,0.002146645442303893,85680948.41749664,1346.535451153935
2021-08-21,0.0030432430321995093,85680948.41749664,50830.74280623813
2021-08-22,0.002260860490209347,85680948.41749664,5777.130224985497
2021-08-23,0.0027449852973276817,85680948.41749664,15681.407285243486
2021-08-24,0.0027738638392764987,85680948.41749664,11362.205362190425
2021-08-25,0.0025295942608080033,85680948.41749664,8712.675307414043
2021-08-26,0.00250906187729839,85680948.41749664,24288.79565771165
2021-08-27,0.0023265952085183106,85680948.41749664,11614.650314650775
2021-08-28,0.0025826528364692853,85680948.41749664,11572.187534050332
2021-08-29,0.00258048522226594,85680948.41749664,13978.860313555033
2021-08-30,0.002431606015047845,85680948.41749664,11352.253972187767
2021-08-31,0.002318069121160007,85680948.41749664,12412.549619573892
2021-09-01,0.003847549905961971,85680948.41749664,33060.16001617241
2021-09-02,0.002469443039980175,85680948.41749664,62109.33365054101
2021-09-03,0.002479572353262537,85680948.41749664,116193.02865715338
2021-09-04,0.00399590473379696,85680948.41749664,109563.27623986587
2021-09-05,0.0039348014817012075,85680948.41749664,155990.24398265046
2021-09-06,0.0037815537677156653,85680948.41749664,32539.97554317387
2021-09-07,0.00405799457585655,85680948.41749664,137354.71575190217
2021-09-08,0.00364612537949253,85680948.41749664,92146.66768405659
2021-09-09,0.005092661857959346,85680948.41749664,323018.04818660655
2021-09-10,0.002628696463900382,85680948.41749664,29888.122830952485
2021-09-11,0.0026882066601976876,85680948.41749664,17245.82050577133
2021-09-12,0.0026815105533722085,85680948.41749664,19202.504210950574
2021-09-13,0.003553096172638667,85680948.41749664,201547.30768921334
2021-09-14,0.0035575982488176344,85680948.41749664,164252.58404544974
2021-09-15,0.0027893366756166858,85680948.41749664,94629.15825320849
2021-09-16,0.002583154615511512,85680948.41749664,50934.75647970946
2021-09-17,0.0028179980031595823,85680948.41749664,25028.890288088758
2021-09-18,0.003193258249419192,85680948.41749664,155421.3752683875
2021-09-19,0.0024186035289534952,85680948.41749664,7708.189091096937
2021-09-20,0.003144195924869157,85680948.41749664,172576.54260598688
2021-09-21,0.0021720247761294097,85680948.41749664,119011.55134312224
2021-09-22,0.0020053061688877745,85680948.41749664,84614.44962948062
2021-09-23,0.0020119180978328335,85680948.41749664,16240.820835340957
2021-09-24,0.002295994561529919,85680948.41749664,17841.68069539941
2021-09-25,0.002288674657040404,85680948.41749664,7961.436944816652
2021-09-26,0.0031196371591919107,85680948.41749664,214652.04271074652
2021-09-27,0.0029493616976824255,85680948.41749664,154375.11381086562
2021-09-28,0.0032429928187178536,85680948.41749664,168143.40901909053
2021-09-29,0.0021546937873584767,85680948.41749664,27908.463707912633
2021-09-30,0.002139619175988238,85680948.41749664,6782.99825090246
2021-10-01,0.0021557278121916135,85680948.41749664,15966.374856317496
2021-10-02,0.0023174637357386402,85680948.41749664,8963.50061013924
2021-10-03,0.002267902352466196,85680948.41749664,9206.759630616312
2021-10-04,0.0023168122064263553,85680948.41749664,9551.230890551835
2021-10-05,0.00235582374885051,85680948.41749664,8711.621917157305
2021-10-06,0.0025070682049291326,85680948.41749664,21819.92178008179
2021-10-07,0.002536033422817382,85680948.41749664,21227.904635883155
2021-10-08,0.002575322265782896,85680948.41749664,11429.85536262365
2021-10-09,0.0024621601888449615,85680948.41749664,7055.239688228655
2021-10-10,0.002505409741274086,85680948.41749664,8199.798574732702
2021-10-11,0.002462751395816278,85680948.41749664,13615.048905233209
2021-10-12,0.0030036667384055727,85680948.41749664,53600.910200265156
2021-10-13,0.0031430176068811505,85680948.41749664,128860.10452029476
2021-10-14,0.0024252288703365873,85680948.41749664,11463.838525918954
2021-10-15,0.0029665269448866903,85680948.41749664,129341.12545743777
2021-10-16,0.003050016523522681,85680948.41749664,142666.6023767463
2021-10-17,0.0024519238445743587,85680948.41749664,27646.80897691367
2021-10-18,0.0032367696876619253,85680948.41749664,98515.67326868192
2021-10-19,0.0027011553824508273,85680948.41749664,7103.501678186735
2021-10-20,0.005434143669116956,85680948.41749664,286094.0656395835
2021-10-21,0.003806486600427854,85680948.41749664,174787.93165835147
2021-10-22,0.0027835913811741476,85680948.41749664,21485.794121252828
2021-10-23,0.002647177192861572,85680948.41749664,33311.3414151218
2021-10-24,0.0026599262271167897,85680948.41749664,10040.282860268775
2021-10-25,0.002631349249719161,85680948.41749664,19791.16460403845
2021-10-26,0.0026969723899990146,85680948.41749664,32867.710008662594
2021-10-27,0.003650910211230539,85680948.41749664,149030.46255999323
2021-10-28,0.003148708550149763,85680948.41749664,121236.44297128769
2021-10-29,0.0040048572572017405,85680948.41749664,134955.92417828384
2021-10-30,0.003768215096497744,85680948.41749664,121267.15045186058
2021-10-31,0.002913789959860205,85680948.41749664,13058.304831147576
2021-11-01,0.003039239722858507,85680948.41749664,109643.83453360705
2021-11-02,0.003748946728477723,85680948.41749664,163629.81297878714
2021-11-03,0.0027289862414804984,85680948.41749664,55637.50438532484
2021-11-04,0.0034781120092410947,85680948.41749664,196583.2674635442
2021-11-05,0.0036584799177315592,85680948.41749664,162080.65456608435
2021-11-06,0.002980013181918096,85680948.41749664,33027.34417550479
2021-11-07,0.003059375066383205,85680948.41749664,32852.44479190529
2021-11-08,0.00398513252380426,85680948.41749664,330125.91315743665
2021-11-09,0.004959628074513163,85680948.41749664,413709.6785906607
2021-11-10,0.00478882358375793,85680948.41749664,397683.751634858
2021-11-11,0.003919921637675895,85680948.41749664,470753.32347523875
2021-11-12,0.003998590031758342,85680948.41749664,305444.4799555561
2021-11-13,0.004026799047082747,85680948.41749664,509632.6980411302
2021-11-14,0.003942700200184575,85680948.41749664,327445.3973752414
2021-11-15,0.00413947665523187,85680948.41749664,373105.61042258155
2021-11-16,0.003792973553046241,85680948.41749664,290145.9026963993
2021-11-17,0.004172519665516953,85680948.41749664,378295.42738274497
2021-11-18,0.0042741113588535195,85680948.41749664,463221.4114803267
2021-11-19,0.004034274689329163,85680948.41749664,359057.4789862138
2021-11-20,0.005317635624731321,85680948.41749664,630309.7673969568
2021-11-21,0.006397276692057728,85680948.41749664,645530.2859674515
2021-11-22,0.006479694431203505,85680948.41749664,1127902.8133484563
2021-11-23,0.006695207238163523,85680948.41749664,937609.1659134395
2021-11-24,0.007247225911786287,85680948.41749664,812986.8092044977
2021-11-25,0.0074732936271186615,85680948.41749664,890198.2791769063
2021-11-26,0.00803627233426474,85680948.41749664,905296.8507255048
2021-11-27,0.007518984632040388,85680948.41749664,1003984.936271692
2021-11-28,0.007713871702882235,85680948.41749664,1068900.7432000749
2021-11-29,0.008312852837036857,85680948.41749664,925875.9220674278
2021-11-30,0.008849557683298384,85680948.41749664,1773059.0509713814
2021-12-01,0.009199905251040853,85680948.41749664,1170652.8856379949
2021-12-02,0.009317802525015455,85680948.41749664,1474764.8331688684
2021-12-03,0.009310164120891175,85680948.41749664,1179647.6101323373
2021-12-04,0.009041203247465166,85680948.41749664,1275107.960448254
2021-12-05,0.00917399180251462,85680948.41749664,1717780.4252349678
2021-12-06,0.009463747387432612,85680948.41749664,1735599.791512135
2021-12-07,0.010307283632541176,85680948.41749664,2192946.081281088
2021-12-08,0.01030094879489371,85680948.41749664,1651428.1594683095
2021-12-09,0.011129491124011119,85680948.41749664,2457391.6204603533
2021-12-10,0.010321248350471856,85680948.41749664,3510532.7933038357
2021-12-11,0.010668657596365264,85680948.41749664,4041520.3995793797
2021-12-12,0.009474781827933251,85680948.41749664,674792.4206668276
2021-12-13,0.011409801518329857,85680948.41749664,2362432.151362902
2021-12-14,0.010949695894471779,288653198.7783341,3971423.2892690487
2021-12-15,0.010550430010752366,278496790.239335,1240666.856090843
2021-12-16,0.01109567697714936,292947467.1813384,2092161.2295983
2021-12-17,0.010862620635409492,286537876.8573016,2006354.4736196375
2021-12-18,0.010742365439347019,284398925.2221338,3045417.494451834
2021-12-19,0.01084486455721665,286819013.4594082,1078369.4408819969
2021-12-20,0.010606883955422607,281684226.0509692,2634132.986824354
2021-12-21,0.0105995583401372,280757897.5772416,2790290.247382529
2021-12-22,0.010250242281520465,270930696.12659,1699402.1117388548
2021-12-23,0.010517041713370225,278787376.21321136,1518167.694124897
2021-12-24,0.010458418239522654,276585964.2903432,2299198.3843053766
2021-12-25,0.010297252691350196,272290189.1894587,1737115.4124279374
2021-12-26,0.010235777806855436,270766474.098442,1500186.484122622
2021-12-27,0.009987368493158965,264121263.552972,2157788.160373812
2021-12-28,0.00965396386254666,255938825.54986832,1617295.0992859853
2021-12-29,0.00969322212367555,256438250.1447096,1964248.6771065944
2021-12-30,0.009565572190151805,252127253.4853289,1960906.5056417775
2021-12-31,0.009716635067024495,256753813.79342258,1616612.1411546913
2022-01-01,0.009593431737827908,250775161.84746677,1193862.0550503966
2022-01-02,0.009853689897115702,260881051.53143498,1244872.8280282654
2022-01-03,0.009886903382461279,261700728.50701126,2525657.517659084
2022-01-04,0.00962489892832946,254766714.76497206,1680170.9823471452
2022-01-05,0.009170671370006458,242436844.71330965,848844.4483442828
2022-01-06,0.00860796258637785,228098683.03231594,1854298.6522527316
2022-01-07,0.00880857149984249,233504520.0110125,1967262.32937106
2022-01-08,0.008293275283263377,219503719.5245764,815466.0439735744
2022-01-09,0.008107880138242216,214467579.60223195,1578759.1306081018
2022-01-10,0.00816005676604015,215944908.3197391,1530269.1314154714
2022-01-11,0.007413467081096546,195981240.0660105,1272127.392632825
2022-01-12,0.007759607659069239,205592027.18740493,1657640.9263915839
2022-01-13,0.008739927540334806,231448098.0847879,1796895.0428888104
2022-01-14,0.00821813522684657,217401321.8334441,1229487.4006203518
2022-01-15,0.008004131706981563,211749428.96290866,837953.5921098769
2022-01-16,0.008241608168475734,218089244.35822678,1502935.0606138734
2022-01-17,0.008336208200974526,220670353.42186248,1981683.0035438004
2022-01-18,0.007942971134180972,210386670.00998518,1383041.52924063
2022-01-19,0.007863359142222632,208079112.6050991,1865085.9297594416
2022-01-20,0.007663797915820825,202888861.88159266,1631377.218664991
2022-01-21,0.007432867339920201,197052104.93420777,1591799.7626374145
2022-01-22,0.006717114324158443,177557662.57871082,931093.0660744826
2022-01-23,0.0056740650203828446,149963227.55241704,75534.81284012849
2022-01-24,0.006646873123168758,175881564.03769195,1606068.2686797706
2022-01-25,0.006024950135507756,159340704.80723247,1446672.9907913154
2022-01-26,0.005952765099350312,157494510.04694647,975986.4162046908
2022-01-27,0.005622594146376848,148929680.09740752,865458.846877426
2022-01-28,0.005742922146886657,151676115.49329537,1006475.9801589393
2022-01-29,0.00617382103238126,162919656.91642803,1184590.6126490063
2022-01-30,0.005199148977860904,137351292.27786973,51808.37911754704
2022-01-31,0.005705902340820982,151071573.70729315,59716.35838351396
2022-02-01,0.006588948034973927,173781094.5054914,1314095.1178672356
2022-02-02,0.005789339388632115,153146845.672121,1272571.3563591
2022-02-03,0.006671424497561668,176756564.4715517,1286171.8070826011
2022-02-04,0.006495789162998372,171913100.38629827,1742129.1521632872
2022-02-05,0.006867131926567765,182427985.24010032,1421989.3918660039
2022-02-06,0.007308470517224748,193734662.27254707,1750179.1087342543
2022-02-07,0.007414157442635184,196108752.01779708,1598512.4364183862
2022-02-08,0.0071318613375308095,188539172.91106412,1561407.1805495422
2022-02-09,0.006424919077956534,170206653.33511055,1485681.0650617436
2022-02-10,0.006908683771809129,182757143.15113425,1605543.2293282275
2022-02-11,0.006543994354594928,172831462.37696195,1340498.70247238
2022-02-12,0.006227606533658117,164680556.7182085,1401227.1746008184
2022-02-13,0.005799284691276719,153333388.82789385,55382.65936929989
2022-02-14,0.005804913601979801,153643584.11511043,1255045.3822846443
2022-02-15,0.0064123972650420935,169518345.1445603,1343411.6744889629
2022-02-16,0.0069162416793475835,183225857.33780122,1608460.8101774617
2022-02-17,0.006837081474145079,181458323.9663495,1513304.295865567
2022-02-18,0.005863294523670938,155141885.25567973,55709.283294987916
2022-02-19,0.005685477467533026,150518709.53160065,70142.64514069165
2022-02-20,0.005427492096700041,143419017.75628784,70872.26548907305
2022-02-21,0.005728785146504507,151671775.68271413,1352505.8302657716
2022-02-22,0.005594086814901207,148029019.69859457,1104818.2794626928
2022-02-23,0.0053370816495560925,141096168.79102528,58964.367703712676
2022-02-24,0.0053372382286432166,141222010.1331256,55224.27409714839
2022-02-25,0.005682858931096645,150304119.32504243,1301401.0506588195
2022-02-26,0.004995105084071696,132195789.51648673,1145507.9522148608
2022-02-27,0.006283145329637063,166004865.52691963,1478959.1314994632
2022-02-28,0.005886007689462581,155716627.16101712,949848.5345369085
2022-03-01,0.006649748331002965,175400175.40633476,1320871.0729311064
2022-03-02,0.005709463626278216,150820331.65983438,51372.87568785526
2022-03-03,0.00570316204547552,151799449.95860517,53503.45839168543
2022-03-04,0.006208738482869474,164327069.09949574,1054749.1971965218
2022-03-05,0.0057040084461738765,150914941.95015448,1085374.593462768
2022-03-06,0.005815251324565811,153696284.5920032,1156112.2812874157
2022-03-07,0.005203208039762024,137656726.11755,60555.57363308821
2022-03-08,0.0050035554813007725,131195418.3055801,65537.43532773053
2022-03-09,0.005148630789952015,135912657.7660775,43176.29745508058
2022-03-10,0.005442744401054599,143925743.92507648,184348.23940502654
2022-03-11,0.005219153961645942,138030523.99401125,42755.96567567074
2022-03-12,0.0050700286131158375,134248698.83207557,74164.17209935721
2022-03-13,0.005766528338159712,152622899.44388056,1107209.6907537756
2022-03-14,0.005523424274669957,146076921.3489894,1078779.7273140005
2022-03-15,0.004848599213900757,128242195.44301887,56136.38156745548
2022-03-16,0.005412379356433871,143323927.47616395,62452.00142531731
2022-03-17,0.006046160487553233,160100367.8199403,1243327.677101039
2022-03-18,0.006137789288406799,162334214.99934232,1152892.9180645475
2022-03-19,0.00638627007083525,169068011.2214134,1235491.5686149842
2022-03-20,0.006416598456012637,169726257.31124678,1265283.3510352904
2022-03-21,0.005444729517533339,144082480.50900367,46861.62120843927
2022-03-22,0.0057483113496099155,152067883.09856758,78099.54382327585
2022-03-23,0.005585615794837465,147722871.5210193,109294.1901664058
2022-03-24,0.005587969755632393,147763595.0902786,158594.32889044378
2022-03-25,0.005737359877331213,151885638.38349164,81320.05299268136
2022-03-26,0.006147843255532928,162240739.84923762,71826.663023562
2022-03-27,0.006199892793381502,163817097.0540475,79228.2767205984
2022-03-28,0.0071147948459839945,188203872.3466821,1453622.5331179656
2022-03-29,0.007154726010752334,190044604.8414125,1461885.3677907924
2022-03-30,0.007137167840493637,188729626.84268582,1285039.8645436484
2022-03-31,0.007092457280636251,187680832.6040583,1261763.1637643676
2022-04-01,0.006344762292460371,167141155.04022178,85412.61364253203
2022-04-02,0.006332027510682092,167328232.66125357,1178168.8249059308
2022-04-03,0.006336294576534668,167816991.62052187,1074994.7399253838
2022-04-04,0.006855327325175888,181197142.63718322,1183530.151628163
2022-04-05,0.006726614469233009,177046895.687307,144320.83267889556
2022-04-06,0.006748237361464062,178983166.39679265,1190214.661659819
2022-04-07,0.006301680791421716,167402809.44624475,1132962.2227224535
2022-04-08,0.0058259592377209015,155142841.73921725,55196.97185412332
2022-04-09,0.005914415359876069,155461917.62351412,80438.7118235608
2022-04-10,0.006265724688980609,165577822.60207003,57088.87172418536
2022-04-11,0.005884998430992711,158188678.99250296,50678.81322431846
2022-04-12,0.0055342899634693975,146389113.24946228,6699.509884562355
2022-04-13,0.005861116723034764,154804214.62450695,78768.43240988505
2022-04-14,0.005862441877704587,154164598.434111,56623.392798005836
2022-04-15,0.00566047348605031,149675217.96497384,10156.32885587955
2022-04-16,0.0056650696131366075,149845094.17657062,3625.800731463882
2022-04-17,0.005731631674493991,151747413.2785542,50271.80957061528
2022-04-18,0.0054971805909000485,145221505.95785615,43498.23422001143
2022-04-19,0.005779501663507486,152504076.4612579,27188.76544725245
2022-04-20,0.00641280114295627,169581488.73630938,1327373.0984962964
2022-04-21,0.006332418129550079,167500633.47395125,1250959.5014833692
2022-04-22,0.00581161091874197,153607329.10370874,9610.992645822174
2022-04-23,0.005749921727405973,152136417.61995012,22597.23602765876
2022-04-24,0.006057050632261891,160140004.5406057,1111696.643494153
2022-04-25,0.0060737927308646385,160928599.14543942,1235274.6177228333
2022-04-26,0.005768544414693189,152599112.48942038,18490.073268997752
2022-04-27,0.005521897911979206,145961956.89273852,12516.075963617424
2022-04-28,0.0055793086577145086,147531073.8384039,6177.606878869065
2022-04-29,0.005474081022339136,144734066.28433183,36416.73261780969
2022-04-30,0.006181101386852496,163710584.13909972,1308949.0454836588
2022-05-01,0.005877112127815816,155225408.24427226,1127121.9261816675
2022-05-02,0.006059652427478612,160204574.10573983,1170119.3669939432
2022-05-03,0.006090543141847686,161172988.22593567,1194183.3948451835
2022-05-04,0.005900265052755125,156323965.37260982,1823707.3508109935
2022-05-05,0.005587804657426297,147898634.81771958,1605818.7585448169
2022-05-06,0.005769001314577282,152580050.2973846,1462395.7855430492
2022-05-07,0.0056708017955700634,150044825.35190094,1459783.3790626596
2022-05-08,0.005101014475268965,135199201.03414223,2383.8280408176056
2022-05-09,0.005073163089837096,134386525.27603588,11482.764676342817
2022-05-10,0.005024919694221315,133533673.70666093,1667824.6025695833
2022-05-11,0.005151079527579822,136198792.64241332,1837549.021116035
2022-05-12,0.004597123623054331,120768202.97888675,1727455.9266073836
2022-05-13,0.00434757684343991,115108591.30589294,1446521.7319185855
2022-05-14,0.004056964681609987,107473721.14018328,6769.091043846831
2022-05-15,0.004021097224184399,105674272.50951767,16842.323237071952
2022-05-16,0.004355152396087191,115067026.2239719,6795.71237568271
2022-05-17,0.00382862917485899,101240799.89159814,6529.668952661933
2022-05-18,0.004819720105016407,127556985.1110532,1620330.061280454
2022-05-19,0.004392898628889848,116262365.24592108,1491432.908826699
2022-05-20,0.004621513898900832,122199220.42377773,1761302.9182179216
2022-05-21,0.004496012607888871,118888026.7685438,2041997.6135690438
2022-05-22,0.004527832800059343,119885522.74707039,1116870.6159273714
2022-05-23,0.004690762989886216,110585356.5674738,1997633.3104796468
2022-05-24,0.003993838061625799,105719993.20923252,1742.147140196216
2022-05-25,0.004536992015700405,119776702.55847524,1362045.6210809986
2022-05-26,0.004666030832671737,123500410.472601,1381416.233312561
2022-05-27,0.004317965479861465,114415863.8749701,1314741.951099871
2022-05-28,0.004072363986480349,107639489.11969061,1070704.9210806347
2022-05-29,0.0044022374940298845,116633388.96999526,1247104.7497645365
2022-05-30,0.004443990227677015,117560555.68575518,1160433.8205565177
2022-05-31,0.004723082784829211,125011708.35502708,5124.7255426029315
2022-06-01,0.004528840348961593,119931700.37927607,3805.8471095694126
2022-06-02,0.004862891712263833,129162017.43296576,1406907.4343089657
2022-06-03,0.004861730334662788,128934683.97572166,1403514.2588453696
2022-06-04,0.004935444213406343,130621333.85909615,1445029.6503611575
2022-06-05,0.005068717230242025,133981274.20177603,1506015.5530003202
2022-06-06,0.004876941128359672,129199764.02788143,967017.8126901792
2022-06-07,0.005014518991215602,132907815.18977965,2186409.0044053607
2022-06-08,0.004382728465166887,116133451.18339749,1798.675664513908
2022-06-09,0.004179372222322686,110597777.21820313,3294.24335662597
2022-06-10,0.0040948865044023244,108053244.53541456,94867.92531785731
2022-06-11,0.004189446474151675,110895585.06434761,1045336.6824789336
2022-06-12,0.004045593465696093,107079590.29257137,889068.87584201
2022-06-13,0.0038184861198084226,101800727.05557017,979045.9611703447
2022-06-14,0.0032202808398473395,84754701.7321135,1105503.4406175616
2022-06-15,0.002936198586935856,78237534.90332234,93826.20642162877
2022-06-16,0.0033069310695669563,87099539.02656136,1219811.5582150542
2022-06-17,0.002863691917706277,75673953.5317673,1070505.7229333653
2022-06-18,0.0029470770503567017,78009207.87076491,1148604.9071557818
2022-06-19,0.0027477307391233496,72521579.33188653,971444.7515064846
2022-06-20,0.0027221624045351035,71884435.79591759,79712.57712445312
2022-06-21,0.0031468589597019735,83054032.55295545,1184199.048352204
2022-06-22,0.003120281770319349,82441615.96080866,1112799.6023938402
2022-06-23,0.0024127951120673217,63771238.62877398,66693.49273611813
2022-06-24,0.0031791995828053705,77721149.9771324,1396315.5911874918
2022-06-25,0.003392231072971889,89991969.50246099,2040366.7457257684
2022-06-26,0.003437212678554839,91079497.13300999,2211233.0445043473
2022-06-27,0.003352820266418323,88910541.51892166,1605756.5463857495
2022-06-28,0.0033305451083545487,88103632.82442498,1698053.0204830698
2022-06-29,0.003019737115187919,79796455.07796273,1614381.7226953926
2022-06-30,0.00290773166085524,77030644.22275418,2094319.38191172
2022-07-01,0.002792755045775818,72853575.76663457,1478833.8267726419
2022-07-02,0.002823667072315931,74866915.05773358,1168651.7028904278
2022-07-03,0.0028697370280777153,75935337.60115685,1306705.7541071149
2022-07-04,0.0029024698158971107,76850657.65805031,3277818.0934466547
2022-07-05,0.003117679015511892,82343044.57943903,4204427.817470791
2022-07-06,0.003071819696300713,81235970.8587275,1489766.2798326926
2022-07-07,0.0032082784654538475,84981625.52597268,2481944.2592258635
2022-07-08,0.003345300849454252,88477409.17057571,2169833.3893002495
2022-07-09,0.0033305225323504097,88365260.47519311,2281535.9841422383
2022-07-10,0.00327241400270805,86555725.12576641,1268824.395149351
2022-07-11,0.003161136974373683,83544969.8967717,2018039.2765489498
2022-07-12,0.002956436827446249,78370320.34763959,1876579.1291152653
2022-07-13,0.002804246285782174,74353979.83915204,1093620.3201502876
2022-07-14,0.0029901623218620754,79101261.20153394,2215515.6295775487
2022-07-15,0.003207075406606515,85092310.79704617,2130731.4128592536
2022-07-16,0.003324922187276789,88145920.8974804,2494751.4182622638
2022-07-17,0.003526162984568751,93097394.75923045,3231752.0508438116
2022-07-18,0.003423290447523427,90599841.51777315,2880591.964036312
2022-07-19,0.0039880575314697915,105459244.32889375,3503854.405864243
2022-07-20,0.0039262958491283265,103495158.87420999,2993016.2609436847
2022-07-21,0.0038932494021635595,102700940.18323994,2697950.668528427
2022-07-22,0.004013328272879988,106446431.0696533,11886780.48243563
2022-07-23,0.003858892086364636,102131982.45814008,668469.0938227145
2022-07-24,0.0037870482758909996,100103863.2028672,810636.5873704285
2022-07-25,0.003591465652857201,95584456.21607699,713077.8120224458
2022-07-26,0.0035165722625370185,94577551.20390952,405834.95669597416
2022-07-27,0.003408334541837578,90116093.46492617,690786.5725986998
2022-07-28,0.003659460724728422,96450235.4997514,831046.5057053361
2022-07-29,0.0038790736830690772,102469473.75013217,1100623.4879164328
2022-07-30,0.003916764538037641,104732967.58002107,3189110.5715590003
2022-07-31,0.003980761406307323,105260002.1474706,3018131.285676595
2022-08-01,0.00379009160128185,103670444.38796322,4597191.700325403
2022-08-02,0.003705323192800661,98072356.43322358,943808.7385285327
2022-08-03,0.0034526717602882556,91579347.30922885,888432.4691131454
2022-08-04,0.0036535714239115512,96480295.3790206,1041325.6483749739
2022-08-05,0.003629380544580983,95639763.37216663,2376289.566955987
2022-08-06,0.003857889343396164,102035384.98756991,1258033.325641493
2022-08-07,0.003696550268986019,97866982.05201145,405619.55958981015
2022-08-08,0.0037447483391065918,99056298.57295136,1901200.1715430124
2022-08-09,0.003999513777813986,105824687.44142354,1352161.877751655
2022-08-10,0.003743654628729572,99068633.8698262,1841014.3249669
2022-08-11,0.004102392644342923,108472663.66428688,941524.194124249
2022-08-12,0.004000043391016362,105884711.86451031,62926.94689949652
2022-08-13,0.004572183474060555,120729567.98758915,1998635.9073237234
2022-08-14,0.004620622901790806,122245447.87942272,1714578.2510155896
2022-08-15,0.004193412845561124,111195656.79138292,60421.46583731407
2022-08-16,0.0038773550076926858,103139186.6020179,55657.35564594549
2022-08-17,0.0038027323748997476,100699692.25808735,53868.641639676054
2022-08-18,0.004132865149575309,109486945.40225491,1757989.6524061942
2022-08-19,0.004326868601100985,114685462.88771571,1287294.1807609
2022-08-20,0.0034077781952065963,90379618.22950469,50146.880159117434
2022-08-21,0.003382970036524133,89557473.4101237,77265.88274203346
2022-08-22,0.0033941961468069858,91122167.6418001,53638.57251060634
2022-08-23,0.0033093234254459964,87577929.18725924,42350.38683052288
2022-08-24,0.003079372936653479,81539767.30313301,19296.48662667014
2022-08-25,0.003724929481401137,98408122.72437266,1281112.8097003137
2022-08-26,0.0037670079386746065,99609645.08080316,632228.8206503349
2022-08-27,0.002730486383780333,72425363.6013703,692234.1909303061
2022-08-28,0.0028492852492475952,75435919.11785644,41732.55156363609
2022-08-29,0.0029270636054595377,73491129.51257609,41807.87456476447
2022-08-30,0.0029548979088224003,78235178.2102332,40368.128529955415
2022-08-31,0.002937528461883514,77920410.02067466,39228.25501935839
2022-09-01,0.003141086380415935,82590657.8898457,45732.664368679696
2022-09-02,0.0032433058467417554,85720400.14222544,59386.539516419936
2022-09-03,0.00343907660566284,91016856.83144465,1762693.6901163708
2022-09-04,0.0033859792125084066,89608998.50533244,739631.0416361745
2022-09-05,0.0031159194816326283,82368899.57753475,43567.29050105283
2022-09-06,0.0035249891110317884,93501316.55725321,871135.1772477059
2022-09-07,0.003329304225845675,88116090.67448074,674407.2625138585
2022-09-08,0.0026568628262881107,70526995.27647516,447199.2750704211
2022-09-09,0.003308902661258766,87340282.95400937,483265.704477434
2022-09-10,0.002916454732682433,77172190.61106956,258086.6595463869
2022-09-11,0.003588658845420409,94884253.17683402,241631.70482321136
2022-09-12,0.0031965710923344865,84582290.49846633,44163.324985906416
2022-09-13,0.0031960852355103456,84520634.64051144,682922.1215487985
2022-09-14,0.002927822820874,77400156.4013166,425085.4671722468
2022-09-15,0.003050240077624022,80716613.72937672,587445.3003434665
2022-09-16,0.00275157913345999,72987883.11391528,766331.015041531
2022-09-17,0.003028022731079038,79891571.12631342,669545.9145458795
2022-09-18,0.0027477619750301404,72775761.56675218,280585.3990793126
2022-09-19,0.00249087699061249,66039355.90386066,1128997.466496095
2022-09-20,0.00254165291205056,67252727.09223713,216443.36376283993
2022-09-21,0.0024643758270855346,65250752.952836156,525730.640464435
2022-09-22,0.002253804667820626,59490118.00377944,31453.27749274442
2022-09-23,0.002478198575174898,65570883.12691779,932975.9991341277
2022-09-24,0.0024800407486805505,65614132.66771696,383632.4136406943
2022-09-25,0.0024596786622378916,65012809.125956796,501021.22657907376
2022-09-26,0.002412558574027998,63833954.02507139,498296.7292802782
2022-09-27,0.0024855537315623347,65732236.89828852,402299.44953301013
2022-09-28,0.002475073447706061,65578771.63669458,307111.04746188474
2022-09-29,0.00249964269613599,66099881.89613514,599233.6928305276
2022-09-30,0.002490672798473946,65874473.45932258,698321.8068611433
2022-10-01,0.0024881871629251254,65857575.22825474,698076.5070612247
2022-10-02,0.0024522130990865462,64897735.5819876,922357.1007519199
2022-10-03,0.002384338542130731,63264656.79239218,379194.8159344158
2022-10-04,0.002472629043159824,65479669.3822371,1276545.3897586826
2022-10-05,0.0025587731618969363,67721829.50419131,306754.52164332755
2022-10-06,0.0025261771641460497,66840639.23242924,742880.5105231827
2022-10-07,0.0025247509924493186,66775838.9044305,672661.4855883429
2022-10-08,0.002482742120512033,65662074.74425764,496889.7051569361
2022-10-09,0.0024559799319274645,65007137.28020333,481616.12396276946
2022-10-10,0.002476565501770919,65399369.73044437,1017449.5225004551
2022-10-11,0.0019780046787749362,52375304.725343205,430992.9342322969
2022-10-12,0.0023932736674347936,63267999.90257569,744675.0637926804
2022-10-13,0.002419476438960107,64013528.54416413,543804.5028815505
2022-10-14,0.002409188966131306,63759719.885759205,889918.0061465048
2022-10-15,0.0024242272430566557,64105486.92501307,671137.9707776223
2022-10-16,0.0023780522072706775,63057664.21947859,645881.0819609592
2022-10-17,0.0024426501512811653,64634423.20472873,1102261.5402440238
2022-10-18,0.002472332974341036,65425067.40113582,80248.68564912918
2022-10-19,0.0024505003452726572,64844606.57432772,903394.7503541842
2022-10-20,0.0024028395652061604,63535575.84512051,804948.5879195099
2022-10-21,0.0023945524353962844,63367219.04792263,159393.88503722835
2022-10-22,0.0024289810065734885,64269133.530437626,464598.23902010266
2022-10-23,0.0024563391072727715,65005390.024197415,563836.5454545134
2022-10-24,0.002550332582608789,67409709.32143278,411354.7595385573
2022-10-25,0.002509290054331675,66401422.12417167,344545.50295475917
2022-10-26,0.002724224369967417,72080243.9127254,598154.0829701041
2022-10-27,0.0029341335956735897,77664595.2720877,554965.1620721209
2022-10-28,0.0028248010438589335,74707159.58195935,391707.1715689449
2022-10-29,0.002893442689674637,76572157.91693148,886706.0312930989
2022-10-30,0.003019598354311555,79924542.89753705,352061.54323061614
2022-10-31,0.0029686298202309495,78505141.98503408,688631.0487361149
2022-11-01,0.0029421760313690817,77782622.31101105,504005.94818482455
2022-11-02,0.0025142403669010842,66539803.096411064,9991.368016880982
2022-11-03,0.0028450838152388413,75330069.48126526,558500.5421109572
2022-11-04,0.0028619483714885023,75654745.9280948,316422.87289170985
2022-11-05,0.0030740407819094856,81312946.25852054,410660.3758989126
2022-11-06,0.003041507510265946,80509404.1897735,527730.0204585387
2022-11-07,0.0029396191861352926,77808669.98213117,529470.8801681534
2022-11-08,0.0024369602274139915,64421096.96760903,126494.96385291973
2022-11-09,0.0024672803725987956,65403255.0136268,1040438.5237716247
2022-11-10,0.0018886157077642064,50069179.52636573,1032309.0060455834
2022-11-11,0.0023884497671731726,63130531.44037309,1159016.3631402692
2022-11-12,0.002229334264149932,58691792.731051885,1206422.8587781542
2022-11-13,0.0022458042341747413,59150704.30724062,645156.4619679487
2022-11-14,0.00218138010682758,57641586.73215833,1204497.7346680027
2022-11-15,0.0022727144184390203,60343639.229989596,857842.8056395401
2022-11-16,0.0022916008630806447,60635231.77082407,919616.7736872131
2022-11-17,0.0022276708387567153,58787934.908025235,1134726.0392667118
2022-11-18,0.002197192303868013,58281930.2358322,316367.56467511924
2022-11-19,0.001977012103794102,52316803.884605974,7321.00272852037
2022-11-20,0.001969448120696482,52122884.01449647,27529.516206410823
2022-11-21,0.002087381986945392,55228096.95631234,693234.7493858719
2022-11-22,0.0020234939811287936,53623358.948414326,1122638.3320851235
2022-11-23,0.0019348355904591093,51237361.657546975,278.2133290323931
2022-11-24,0.002168851032758311,57225547.35007377,973812.0714701386
2022-11-25,0.0022039704397213648,58283963.756065056,802458.6135138364
2022-11-26,0.0021727379124920673,57524892.9873952,976511.3049585889
2022-11-27,0.002181470576240069,57717194.32490378,643792.0568224419
2022-11-28,0.0021761599769587496,57597839.075566754,490246.159454765
2022-11-29,0.0021156095119092143,56006539.722012185,696995.5323418832
2022-11-30,0.002201924910620092,58319365.81010566,606295.7642805973
2022-12-01,0.0023396527192080414,62096489.86896401,941806.834738679
2022-12-02,0.0023025624172431742,60924362.23902655,680716.7857419342
2022-12-03,0.0023366918869220355,61747308.21800139,1022731.2702731956
2022-12-04,0.0022414554815887995,59365040.189408675,611329.5685000991
2022-12-05,0.002307507985370021,60988788.97656277,397463.68477999704
2022-12-06,0.002253905634755541,59359703.78952691,29839.62231028232
2022-12-07,0.002299313301171463,60781438.67097799,645225.4919113925
2022-12-08,0.002230458262595324,59028383.11338041,1131491.020463982
2022-12-09,0.002305891783871847,61067961.41387392,369374.6014117022
2022-12-10,0.002245720703465659,59447412.03241925,912869.6350192835
2022-12-11,0.0021632073598782586,57236010.42176053,1000442.5409861702
2022-12-12,0.002133679488860312,56637569.77347649,502840.4330626506
2022-12-13,0.002210909146351927,58545956.72716308,775127.1527769476
2022-12-14,0.002294519793583862,60791121.94364187,1187900.6712761323
2022-12-15,0.002234031016170595,59066520.264844105,352043.3944780961
2022-12-16,0.002097217403378482,55531487.32486254,1053647.5029057262
2022-12-17,0.00198892837279338,52485752.61842849,1096387.3246127132
2022-12-18,0.0020563223377644156,54532346.418021105,391203.84352855926
2022-12-19,0.0020287243549877033,53706342.30160209,1095577.8387888179
2022-12-20,0.001991986208675067,52731635.064563945,885548.4506546033
2022-12-21,0.0021260926496402812,56252681.07435012,995396.7499138465
2022-12-22,0.0020723559128699017,54777053.75715481,1029402.094332237
2022-12-23,0.0020581975000232037,54438812.58845408,445962.27911350696
2022-12-24,0.002012347499356937,53230056.26131434,1136429.6676250063
2022-12-25,0.0019891814617487313,52651223.81448619,992692.138105485
2022-12-26,0.001982177762154299,52341481.29877012,343151.9632052386
2022-12-27,0.001996672702209539,52808786.0167224,1120075.0968456317
2022-12-28,0.0019144240340480422,50665275.81435984,653931.2807257165
2022-12-29,0.0018776524942937386,49694007.73361208,724615.8182574051
2022-12-30,0.0018982056729494748,50226825.98568261,751714.0991054684
2022-12-31,0.001894269443916779,50148856.66817644,1012705.135436287
2023-01-01,0.0018901906026219867,50008672.27600727,655196.3148459842
2023-01-02,0.0018967780437059213,50207477.45690425,515038.0714898661
2023-01-03,0.0018948824034954782,50204335.82831612,501555.19421804865
2023-01-04,0.0018829050564789548,49835388.788363196,1067680.1653457822
2023-01-05,0.0019217368952231856,50832539.5387015,469736.4129599858
2023-01-06,0.0019128084055520507,50638303.14934531,723715.8701684349
2023-01-07,0.0019297813402068074,51102609.72887392,999639.3117105266
2023-01-08,0.0019220277107526323,50852206.32771186,186686.0800031408
2023-01-09,0.001965194400116155,52030027.516441606,1027508.6016686899
2023-01-10,0.00202381729361009,53561363.44650211,417234.54507231637
2023-01-11,0.0020437706598766163,54109839.81938723,895259.8172626366
2023-01-12,0.0021257168749019505,56227134.02520896,528703.9496666364
2023-01-13,0.002167557792391153,57372791.64107534,1055390.6664546346
2023-01-14,0.002215863012981607,58706058.44844279,366422.2621200867
2023-01-15,0.0023760565029798107,62901835.96518012,794236.2204912246
2023-01-16,0.00236939359357466,62709682.06370244,1024371.490263579
2023-01-17,0.0024147070818918044,63878399.96632933,636482.3390286355
2023-01-18,0.002367518425005637,62653677.00801195,1026377.2783052763
2023-01-19,0.0022848810897365913,60838013.43539988,795556.6722779558
2023-01-20,0.002309583653742806,61127900.05106705,934982.933986161
2023-01-21,0.0025080268225518114,66341679.656582296,591197.6976886973
2023-01-22,0.0024524937252771097,64927976.52257547,858577.1636491758
2023-01-23,0.002462397055025971,65188102.33480003,1153761.9585127695
2023-01-24,0.002398921212165816,63427154.87586612,891514.1865208147
2023-01-25,0.0022861756269514305,60345014.872351825,1683280.7038147291
2023-01-26,0.0023784160315618833,62788497.42942135,1191351.6204706526
2023-01-27,0.0023549726805784975,62378321.44298726,1638493.432399784
2023-01-28,0.0023831361069333195,63046442.694279104,1527244.2694032586
2023-01-29,0.002354738828202608,62411285.75588897,1967584.5044729882
2023-01-30,0.002471192286253125,65322252.269578114,1916231.5617555012
2023-01-31,0.002415648720437163,63852785.43875323,1960470.2985768996
2023-02-01,0.0024426034347844196,64607905.09437696,1569337.4919875164
2023-02-02,0.0025279850834646297,66903320.06393616,1859262.2440235068
2023-02-03,0.0025369510012026686,67142163.89994608,1658213.6174372318
2023-02-04,0.00256363982161509,67914312.87672502,1690078.2180242399
2023-02-05,0.0025668492060356364,67947134.83010577,1704149.495348052
2023-02-06,0.00251118030071218,66507123.20755756,1690831.2203994389
2023-02-07,0.0024587229050710103,64807353.4448952,1781148.5583070219
2023-02-08,0.0026802786742060845,70884805.50865643,1638455.8730998102
2023-02-09,0.002560920918442351,67744224.678688,1440583.8921589316
2023-02-10,0.002396962408130166,63455909.75657185,1411600.52672674
2023-02-11,0.002378124548982053,63023317.398578726,1399945.9894614809
2023-02-12,0.002405015979659003,63698991.69636363,1596927.1490990012
2023-02-13,0.002423065384607296,64172076.99380958,1514576.8103387896
2023-02-14,0.002352431038214313,62230802.652546786,1690831.8018431356
2023-02-15,0.002413780536813878,63945113.05452923,915083.0275765752
2023-02-16,0.00251246043111442,66364298.68081647,1394744.4744994098
2023-02-17,0.002551854839004994,67540999.88708076,1733592.0546487642
2023-02-18,0.0026303224029720724,69498282.40869337,1303858.3680917092
2023-02-19,0.002604898705184645,68882537.87179044,1379180.9442993917
2023-02-20,0.002766899161716808,73618138.8558752,1694783.9497190705
2023-02-21,0.0028909859678858036,76504185.81019506,1449372.0973344778
2023-02-22,0.002781435332077568,73574776.20878991,1285208.89922741
2023-02-23,0.002792764378465087,74028739.48072106,1394377.2704141983
2023-02-24,0.0027066676240572124,71547904.99502324,1440351.4432695638
2023-02-25,0.0026196025521475603,69348469.76157495,1450476.9043991165
2023-02-26,0.002565245095241647,67898314.06886537,1285411.7844390105
2023-02-27,0.0026545864092011253,70207404.52252838,1674139.7536038016
2023-02-28,0.002631059205572161,69673200.28400737,1610878.2567522665
2023-03-01,0.0025663140282771676,67912615.76293665,1105091.9545697568
2023-03-02,0.002630707561396765,69582461.61017396,1497026.8370570145
2023-03-03,0.002586145079083877,68425260.24397925,1549783.5889698998
2023-03-04,0.0033447116734623013,88523006.65282103,2297808.384030213
2023-03-05,0.002901737970048682,76781059.00878088,1744962.411380141
2023-03-06,0.002938235697607721,77793861.02030277,1190099.6430104498
2023-03-07,0.002927733966851736,77570190.31602418,1485051.0413267736
2023-03-08,0.0029092621979190454,76803377.03178999,1399630.7651532523
2023-03-09,0.0028401540949877565,75182166.89889257,1490803.5917487203
2023-03-10,0.00280631923178132,75986259.68852529,1491695.1680867525
2023-03-11,0.0026046272688223216,68929791.53288983,1209308.2504025775
2023-03-12,0.002690361272636927,71073800.33434984,1469673.580539486
2023-03-13,0.0028887946890185953,76252889.59619926,1135745.8526840915
2023-03-14,0.003126013796452899,82716988.74761528,1845886.745841991
2023-03-15,0.0032271747801049418,85647503.11823116,1080023.1086035147
2023-03-16,0.002982324080908936,78915066.24418733,1803836.1641663513
2023-03-17,0.002994684680968275,78475960.25494996,1649511.8760120037
2023-03-18,0.003368692804672995,89185759.04944377,1949611.606194207
2023-03-19,0.0034128230902080703,90360962.57949787,1078832.703900782
2023-03-20,0.003713398182109094,98508075.9945696,1833998.8441791006
2023-03-21,0.003973465196314935,105169918.65288903,2081207.5023601213
2023-03-22,0.004413722460941138,116773742.79093195,2335824.63039389
2023-03-23,0.004378234632876531,115721565.46903223,1915534.018018221
2023-03-24,0.0047541086771680004,125934325.61735667,1439380.9000548942
2023-03-25,0.005506175683594239,146517769.3977664,3118730.019468255
2023-03-26,0.0069550269182438555,184088144.54227427,3536184.994764364
2023-03-27,0.007825185936644278,208479073.99511826,3120855.4478315036
2023-03-28,0.00725131738492121,191558810.43341863,3594704.767204948
2023-03-29,0.0078757128552756,208187889.01110134,2917822.70654177
2023-03-30,0.007908021191518427,208585578.55843067,2615754.615077201
2023-03-31,0.008103360964675581,214411951.0118358,3029053.3909487925
2023-04-01,0.008152961944713759,215837333.3375395,2649336.4683913155
2023-04-02,0.00807465020002053,213655755.368813,3422775.7101972834
2023-04-03,0.007865093955208388,207876384.37108195,3451415.5737958727
2023-04-04,0.007896524694802167,209118504.00658217,2980172.896937339
2023-04-05,0.007927231231258103,209560643.40116513,3433889.4150843355
2023-04-06,0.00769787440819758,203762002.75437424,3198020.9498054483
2023-04-07,0.0071241571732333555,188554909.8727725,3375137.846158447
2023-04-08,0.007232554802777849,191517810.4299282,3383875.3424797254
2023-04-09,0.007840551564813952,207564552.35372466,3600842.0733852787
2023-04-10,0.007123360501968164,188493233.932274,3245189.3931067064
2023-04-11,0.007267444307915576,192340848.7929209,3308471.396771239
2023-04-12,0.007175020601706062,189933711.6415401,2530731.684998921
2023-04-13,0.00766664020999107,203308250.1375989,3292421.651510422
2023-04-14,0.007688401780825701,203289384.17546564,2986607.3627146087
2023-04-15,0.007361821012973487,195024389.31111926,3753992.5184587264
2023-04-16,0.0071101082669561555,188311901.31485042,3085972.5096010854
2023-04-17,0.006639167697529929,175535758.99097073,3232766.123236867
2023-04-18,0.006843234437260268,181023705.454201,3226900.9330866444
2023-04-19,0.006769984918644696,179097103.89862314,3376364.581924905
2023-04-20,0.00611773415895903,162098719.95273927,3186370.489446383
2023-04-21,0.00601534692125294,159151773.58283365,2499756.2899748
2023-04-22,0.005727654196454891,151544256.13110107,3233155.033524838
2023-04-23,0.005978712773307814,158191223.29834488,3238660.1516773244
2023-04-24,0.005912352908101542,156646019.34838593,3071280.271427052
2023-04-25,0.005655839410243909,149871577.49106964,2985934.7620244077
2023-04-26,0.005708642302270653,151012739.60421246,3413249.980463462
2023-04-27,0.006125736457352255,162074107.1648622,3501802.155353155
2023-04-28,0.006316564799775495,167396662.91942078,3529374.7000888027
2023-04-29,0.006159481726054645,163041729.00434852,2726558.903890833
2023-04-30,0.006033552280009958,159584302.10147572,2939396.1131129786
2023-05-01,0.0059719371275201855,158080959.74429348,3160124.7703228737
2023-05-02,0.00580262418425638,153555831.43874064,3210337.5719094025
2023-05-03,0.005793652683639082,153302301.69938165,3380243.986301139
2023-05-04,0.005886852341459782,155554567.3283542,3418287.7260631383
2023-05-05,0.005755244472872929,152295608.3829502,3324433.542884923
2023-05-06,0.005915707108305549,156579097.36362723,3787995.223130133
2023-05-07,0.005372071082742188,141917096.24745855,3398587.2099411483
2023-05-08,0.005332804012877028,141631100.23502284,124028.06676072306
2023-05-09,0.004927174569054657,130286001.3337948,3010459.5841851095
2023-05-10,0.004882083678936918,129225032.27921878,2646264.390847773
2023-05-11,0.004890848222494318,129348515.23888333,2975718.8874108843
2023-05-12,0.00483015602424813,127815969.30342773,108669.99273429875
2023-05-13,0.004691404470595947,124276972.4751688,2883178.1379230893
2023-05-14,0.004664597329112012,123837625.69198301,3553215.3464284004
2023-05-15,0.004672404364946634,123646024.23628949,3298536.868163229
2023-05-16,0.0046981484132801845,124172050.65528488,1764319.064992071
2023-05-17,0.004605641956889639,121996974.51889385,2997737.2857180526
2023-05-18,0.004578842914797915,121209715.70336618,3327772.44738675
2023-05-19,0.004478151950418834,118590204.24512921,3598952.097887947
2023-05-20,0.004485670735420551,118861898.64163196,3367597.559489938
2023-05-21,0.004501374363482403,119188755.80890809,3175238.160022271
2023-05-22,0.0044859012569648336,118866059.62565637,3306652.6380189667
2023-05-23,0.004538540950751201,120106047.02767177,2915536.9755919552
2023-05-24,0.004607823176233096,121969002.41829658,2424007.736380518
2023-05-25,0.004459787217635046,118093161.15516487,3423816.6096434677
2023-05-26,0.004364315025953805,115474801.02576539,3353881.5135005303
2023-05-27,0.0043974740707064565,116379781.53061807,3140123.507408209
2023-05-28,0.004421673766897255,117026307.81468321,3333471.1180030815
2023-05-29,0.004585323353549369,121344347.62503569,2604993.4628961943
2023-05-30,0.004478669060131061,118562917.78915645,3325983.433053509
2023-05-31,0.004641856327236457,122894477.79164174,124427.65645705398
2023-06-01,0.004369633000702368,115542239.14635229,129363.84321523651
2023-06-02,0.003944843197554059,103715271.64148082,109393.57418154084
2023-06-03,0.0040288986933778035,106680416.51066871,112264.87819750323
2023-06-04,0.003964614946881807,105733675.91912727,110371.73395014697
2023-06-05,0.004119426758801212,108723566.83497828,227430.51700303404
2023-06-06,0.004157027078261658,110129434.147557,239910.71452642558
2023-06-07,0.0040816546790576605,108111981.32022864,225797.65931041585
2023-06-08,0.0040425945256766715,106610721.22541526,233034.70439443702
2023-06-09,0.00396579772867769,104859943.93254955,154132.54292636158
2023-06-10,0.003918913556681371,103756020.59895042,155097.96428037624
2023-06-11,0.004048951094760601,106938370.55696641,217665.63309288907
2023-06-12,0.004017528220342504,106315162.84928128,223818.59788131661
2023-06-13,0.004014585978956414,106060439.01226045,202565.16142835247
2023-06-14,0.004016731284019529,106117480.87573704,244145.7247163365
2023-06-15,0.003604598184724603,95568389.6896756,219505.85905252068
2023-06-16,0.0037464135283685456,99366253.16847531,205600.56121214826
2023-06-17,0.0037408318199976176,98559792.71746786,176039.99594752546
2023-06-18,0.0038507681970910957,101929307.0150624,213980.60020474016
2023-06-19,0.0037206091537400946,98443561.48564215,302097.7744209235
2023-06-20,0.003859865843226726,102480412.15808108,190512.10183798015
2023-06-21,0.003770320534969919,100007550.88334528,151245.76883807813
2023-06-22,0.0038026947656244463,100949043.57725742,203407.13815206153
2023-06-23,0.003868619009061409,102417092.49750288,213790.31627120037
2023-06-24,0.004015499575427614,106464319.20919271,236882.84663625364
2023-06-25,0.004008702652740332,106457625.66044815,239380.9320800541
2023-06-26,0.00408444607877945,108340745.82499537,251037.14212996632
2023-06-27,0.0039241909798346086,103715251.27979359,126327.60758215922
2023-06-28,0.0041226686340863645,109467236.34319162,238873.73542036617
2023-06-29,0.003788925489670849,100196743.58370794,217554.99674148616
2023-06-30,0.004006784498639231,105945507.78300613,265784.64737386577
2023-07-01,0.003982627563450199,105528975.12980203,322504.8260805304
2023-07-02,0.0039792089159285384,105111868.89828973,265602.64738864184
2023-07-03,0.004150463895454885,109138683.70537215,236677.28136250295
2023-07-04,0.0038795816668659206,108551784.74878901,217967.71356477757
2023-07-05,0.004086220066536373,107968219.9987217,268364.584952948
2023-07-06,0.00392573702993508,104152370.45641127,273586.8543962084
2023-07-07,0.00384791982873766,102145366.37635833,212757.72605986302
2023-07-08,0.003949755849318185,104688628.24289313,495514.7895642978
2023-07-09,0.0038392805499473997,101812714.71563284,218946.9851185178
2023-07-10,0.00406075419266331,107472055.55930583,171150.24959969695
2023-07-11,0.0041723464165046254,111120425.01905797,230465.00179084265
2023-07-12,0.003963603142684993,105036592.38066915,304167.7717773362
2023-07-13,0.003892992121408964,103023160.82097709,261234.12128487884
2023-07-14,0.004224460705005987,111642557.61935207,315365.4977212289
2023-07-15,0.004192470332735937,110421259.07016128,191310.65073547594
2023-07-16,0.00404175674423346,105624136.60717651,365175.63396092626
2023-07-17,0.0038857838985102925,102660298.39541875,25771.15362187063
2023-07-18,0.0036420154824032113,96333141.98367949,8800.515340865342
2023-07-19,0.0036347633141863124,96163077.67921174,16368.924041729722
2023-07-20,0.0035811648426306644,94852209.84830803,22180.434734022743
2023-07-21,0.00348285643681283,92287905.13417105,61241.714899015824
2023-07-22,0.0036008553972104486,95352490.78238602,13398.607821784792
2023-07-23,0.0033618955949945416,88936154.21879397,5239.068951836681
2023-07-24,0.0032781492632382794,86689272.5668021,5484.279123671542
2023-07-25,0.003109772843609553,82167489.65885794,81450.22019649393
2023-07-26,0.0034296517611710395,90756486.90677714,139194.0890733906
2023-07-27,0.0032083704694537735,84816561.5148084,136127.18862259516
2023-07-28,0.003234907036619778,86122907.26915294,125125.66588382695
2023-07-29,0.0031611006384780265,83705208.53413406,125431.68897708193
2023-07-30,0.0032935682421307046,88190294.57089357,147330.53191633904
2023-07-31,0.0033787793641209558,89049905.0906073,138888.74613102217
2023-08-01,0.0031863799296317037,84852759.2893533,132220.088459576
2023-08-02,0.003306356566256102,87335622.84466943,151567.23485564443
2023-08-03,0.0033061954577078985,87551597.07124104,144284.9357140362
2023-08-04,0.003521053191223134,93414254.91190006,105081.57664849487
2023-08-05,0.003345568357938161,88526135.9118203,136890.04255233877
2023-08-06,0.003257143243933288,85872726.3117502,144302.54251451936
2023-08-07,0.003288291053624418,85961457.83715041,142862.94681238956
2023-08-08,0.0032227585952618013,85748025.21606255,134672.3963858969
2023-08-09,0.003317283833717044,88228544.72022155,183019.71770919804
2023-08-10,0.0033592362815790333,89120254.52335738,289663.8902838116
2023-08-11,0.0032984872013388494,87205781.25720307,87597.39948695517
2023-08-12,0.00332953849298364,88132584.40247487,62627.090740087755
2023-08-13,0.0033323857465460444,88276920.93501933,84086.7491937958
2023-08-14,0.003278156492644642,86721780.89115769,6899.774643963462
2023-08-15,0.003282324823450976,86878488.11693527,90366.17316347387
2023-08-16,0.003150486039593852,83357085.88043724,2177.563115700196
